99
108
117
126
135
144
153
162
171
180
189
198
207
216
225
234
243
252
261
270
279
288
297
306
315
324
333
342
351
360
369
378
387
396
405
414
423
432
441
450
459
468
477
486
495
504
513
522
531
540
549
558
567
576
585
594
603
612
621
630
639
648
657
666
675
684
693
702
711
720
729
738
747
756
765
774
783
792
801
810
819
828
837
846
855
864
873
882
891
900
909
918
927
936
945
954
963
972
981
990
999
1008
1017
1026
1035
1044
1053
1062
1071
1080
1089
1098
1107
1116
1125
1134
1143
1152
1161
1170
1179
1188
1197
1206
1215
1224
1233
1242
1251
1260
1269
1278
1287
1296
1305
1314
1323
1332
1341
1350
1359
1368
1377
1386
1395
1404
1413
1422
1431
1440
1449
1458
1467
1476
1485
1494
1503
1512
1521
1530
1539
1548
1557
1566
1575
1584
1593
1602
1611
1620
1629
1638
1647
1656
1665
1674
1683
1692
1701
1710
1719
1728
1737
1746
1755
1764
1773
1782
1791
1800
1809
1818
1827
1836
1845
1854
1863
1872
1881
1890
1899
1908
1917
1926
1935
1944
1953
1962
1971
1980
1989
1998
2007
2016
2025
2034
2043
2052
2061
2070
2079
2088
2097
2106
2115
2124
2133
2142
2151
2160
2169
2178
2187
2196
2205
2214
2223
2232
2241
2250
2259
2268
2277
2286
2295
2304
2313
2322
2331
2340
2349
2358
2367
2376
2385
2394
2403
2412
2421
2430
2439
2448
2457
2466
2475
2484
2493
2502
2511
2520
2529
2538
2547
2556
2565
2574
2583
2592
2601
2610
2619
2628
2637
2646
2655
2664
2673
2682
2691
2700
2709
2718
2727
2736
2745
2754
2763
2772
2781
2790
2799
2808
2817
2826
2835
2844
2853
2862
2871
2880
2889
2898
2907
2916
2925
2934
2943
2952
2961
2970
2979
2988
2997
3006
3015
3024
3033
3042
3051
3060
3069
3078
3087
3096
3105
3114
3123
3132
3141
3150
3159
3168
3177
3186
3195
3204
3213
3222
3231
3240
3249
3258
3267
3276
3285
3294
3303
3312
3321
3330
3339
3348
3357
3366
3375
3384
3393
3402
3411
3420
3429
3438
3447
3456
3465
3474
3483
3492
3501
3510
3519
3528
3537
3546
3555
3564
3573
3582
3591
3600
3609
3618
3627
3636
3645
3654
3663
3672
3681
3690
3699
3708
3717
3726
3735
3744
3753
3762
3771
3780
3789
3798
3807
3816
3825
3834
3843
3852
3861
3870
3879
3888
3897
3906
3915
3924
3933
3942
3951
3960
3969
3978
3987
3996
4005
4014
4023
4032
4041
4050
4059
4068
4077
4086
4095
4104
4113
4122
4131
4140
4149
4158
4167
4176
4185
4194
4203
4212
4221
4230
4239
4248
4257
4266
4275
4284
4293
4302
4311
4320
4329
4338
4347
4356
4365
4374
4383
4392
4401
4410
4419
4428
4437
4446
4455
4464
4473
4482
4491
4500
4509
4518
4527
4536
4545
4554
4563
4572
4581
4590
4599
4608
4617
4626
4635
4644
4653
4662
4671
4680
4689
4698
4707
4716
4725
4734
4743
4752
4761
4770
4779
4788
4797
4806
4815
4824
4833
4842
4851
4860
4869
4878
4887
4896
4905
4914
4923
4932
4941
4950
4959
4968
4977
4986
4995
5004
5013
5022
5031
5040
5049
5058
5067
5076
5085
5094
5103
5112
5121
5130
5139
5148
5157
5166
5175
5184
5193
5202
5211
5220
5229
5238
5247
5256
5265
5274
5283
5292
5301
5310
5319
5328
5337
5346
5355
5364
5373
5382
5391
5400
5409
5418
5427
5436
5445
5454
5463
5472
5481
5490
5499
5508
5517
5526
5535
5544
5553
5562
5571
5580
5589
5598
5607
5616
5625
5634
5643
5652
5661
5670
5679
5688
5697
5706
5715
5724
5733
5742
5751
5760
5769
5778
5787
5796
5805
5814
5823
5832
5841
5850
5859
5868
5877
5886
5895
5904
5913
5922
5931
5940
5949
5958
5967
5976
5985
5994
6003
6012
6021
6030
6039
6048
6057
6066
6075
6084
6093
6102
6111
6120
6129
6138
6147
6156
6165
6174
6183
6192
6201
6210
6219
6228
6237
6246
6255
6264
6273
6282
6291
6300
6309
6318
6327
6336
6345
6354
6363
6372
6381
6390
6399
6408
6417
6426
6435
6444
6453
6462
6471
6480
6489
6498
6507
6516
6525
6534
6543
6552
6561
6570
6579
6588
6597
6606
6615
6624
6633
6642
6651
6660
6669
6678
6687
6696
6705
6714
6723
6732
6741
6750
6759
6768
6777
6786
6795
6804
6813
6822
6831
6840
6849
6858
6867
6876
6885
6894
6903
6912
6921
6930
6939
6948
6957
6966
6975
6984
6993
7002
7011
7020
7029
7038
7047
7056
7065
7074
7083
7092
7101
7110
7119
7128
7137
7146
7155
7164
7173
7182
7191
7200
7209
7218
7227
7236
7245
7254
7263
7272
7281
7290
7299
7308
7317
7326
7335
7344
7353
7362
7371
7380
7389
7398
7407
7416
7425
7434
7443
7452
7461
7470
7479
7488
7497
7506
7515
7524
7533
7542
7551
7560
7569
7578
7587
7596
7605
7614
7623
7632
7641
7650
7659
7668
7677
7686
7695
7704
7713
7722
7731
7740
7749
7758
7767
7776
7785
7794
7803
7812
7821
7830
7839
7848
7857
7866
7875
7884
7893
7902
7911
7920
7929
7938
7947
7956
7965
7974
7983
7992
8001
8010
8019
8028
8037
8046
8055
8064
8073
8082
8091
8100
8109
8118
8127
8136
8145
8154
8163
8172
8181
8190
8199
8208
8217
8226
8235
8244
8253
8262
8271
8280
8289
8298
8307
8316
8325
8334
8343
8352
8361
8370
8379
8388
8397
8406
8415
8424
8433
8442
8451
8460
8469
8478
8487
8496
8505
8514
8523
8532
8541
8550
8559
8568
8577
8586
8595
8604
8613
8622
8631
8640
8649
8658
8667
8676
8685
8694
8703
8712
8721
8730
8739
8748
8757
8766
8775
8784
8793
8802
8811
8820
8829
8838
8847
8856
8865
8874
8883
8892
8901
8910
8919
8928
8937
8946
8955
8964
8973
8982
8991
9000
9009
9018
9027
9036
9045
9054
9063
9072
9081
9090
9099
9108
9117
9126
9135
9144
9153
9162
9171
9180
9189
9198
9207
9216
9225
9234
9243
9252
9261
9270
9279
9288
9297
9306
9315
9324
9333
9342
9351
9360
9369
9378
9387
9396
9405
9414
9423
9432
9441
9450
9459
9468
9477
9486
9495
9504
9513
9522
9531
9540
9549
9558
9567
9576
9585
9594
9603
9612
9621
9630
9639
9648
9657
9666
9675
9684
9693
9702
9711
9720
9729
9738
9747
9756
9765
9774
9783
9792
9801
9810
9819
9828
9837
9846
9855
9864
9873
9882
9891
9900
9909
9918
9927
9936
9945
9954
9963
9972
9981
9990
9999
10008
10017
10026
10035
10044
10053
10062
10071
10080
10089
10098
10107
10116
10125
10134
10143
10152
10161
10170
10179
10188
10197
10206
10215
10224
10233
10242
10251
10260
10269
10278
10287
10296
10305
10314
10323
10332
10341
10350
10359
10368
10377
10386
10395
10404
10413
10422
10431
10440
10449
10458
10467
10476
10485
10494
10503
10512
10521
10530
10539
10548
10557
10566
10575
10584
10593
10602
10611
10620
10629
10638
10647
10656
10665
10674
10683
10692
10701
10710
10719
10728
10737
10746
10755
10764
10773
10782
10791
10800
10809
10818
10827
10836
10845
10854
10863
10872
10881
10890
10899
10908
10917
10926
10935
10944
10953
10962
10971
10980
10989
10998
11007
11016
11025
11034
11043
11052
11061
11070
11079
11088
11097
11106
11115
11124
11133
11142
11151
11160
11169
11178
11187
11196
11205
11214
11223
11232
11241
11250
11259
11268
11277
11286
11295
11304
11313
11322
11331
11340
11349
11358
11367
11376
11385
11394
11403
11412
11421
11430
11439
11448
11457
11466
11475
11484
11493
11502
11511
11520
11529
11538
11547
11556
11565
11574
11583
11592
11601
11610
11619
11628
11637
11646
11655
11664
11673
11682
11691
11700
11709
11718
11727
11736
11745
11754
11763
11772
11781
11790
11799
11808
11817
11826
11835
11844
11853
11862
11871
11880
11889
11898
11907
11916
11925
11934
11943
11952
11961
11970
11979
11988
11997
12006
12015
12024
12033
12042
12051
12060
12069
12078
12087
12096
12105
12114
12123
12132
12141
12150
12159
12168
12177
12186
12195
12204
12213
12222
12231
12240
12249
12258
12267
12276
12285
12294
12303
12312
12321
12330
12339
12348
12357
12366
12375
12384
12393
12402
12411
12420
12429
12438
12447
12456
12465
12474
12483
12492
12501
12510
12519
12528
12537
12546
12555
12564
12573
12582
12591
12600
12609
12618
12627
12636
12645
12654
12663
12672
12681
12690
12699
12708
12717
12726
12735
12744
12753
12762
12771
12780
12789
12798
12807
12816
12825
12834
12843
12852
12861
12870
12879
12888
12897
12906
12915
12924
12933
12942
12951
12960
12969
12978
12987
12996
13005
13014
13023
13032
13041
13050
13059
13068
13077
13086
13095
13104
13113
13122
13131
13140
13149
13158
13167
13176
13185
13194
13203
13212
13221
13230
13239
13248
13257
13266
13275
13284
13293
13302
13311
13320
13329
13338
13347
13356
13365
13374
13383
13392
13401
13410
13419
13428
13437
13446
13455
13464
13473
13482
13491
13500
13509
13518
13527
13536
13545
13554
13563
13572
13581
13590
13599
13608
13617
13626
13635
13644
13653
13662
13671
13680
13689
13698
13707
13716
13725
13734
13743
13752
13761
13770
13779
13788
13797
13806
13815
13824
13833
13842
13851
13860
13869
13878
13887
13896
13905
13914
13923
13932
13941
13950
13959
13968
13977
13986
13995
14004
14013
14022
14031
14040
14049
14058
14067
14076
14085
14094
14103
14112
14121
14130
14139
14148
14157
14166
14175
14184
14193
14202
14211
14220
14229
14238
14247
14256
14265
14274
14283
14292
14301
14310
14319
14328
14337
14346
14355
14364
14373
14382
14391
14400
14409
14418
14427
14436
14445
14454
14463
14472
14481
14490
14499
14508
14517
14526
14535
14544
14553
14562
14571
14580
14589
14598
14607
14616
14625
14634
14643
14652
14661
14670
14679
14688
14697
14706
14715
14724
14733
14742
14751
14760
14769
14778
14787
14796
14805
14814
14823
14832
14841
14850
14859
14868
14877
14886
14895
14904
14913
14922
14931
14940
14949
14958
14967
14976
14985
14994
15003
15012
15021
15030
15039
15048
15057
15066
15075
15084
15093
15102
15111
15120
15129
15138
15147
15156
15165
15174
15183
15192
15201
15210
15219
15228
15237
15246
15255
15264
15273
15282
15291
15300
15309
15318
15327
15336
15345
15354
15363
15372
15381
15390
15399
15408
15417
15426
15435
15444
15453
15462
15471
15480
15489
15498
15507
15516
15525
15534
15543
15552
15561
15570
15579
15588
15597
15606
15615
15624
15633
15642
15651
15660
15669
15678
15687
15696
15705
15714
15723
15732
15741
15750
15759
15768
15777
15786
15795
15804
15813
15822
15831
15840
15849
15858
15867
15876
15885
15894
15903
15912
15921
15930
15939
15948
15957
15966
15975
15984
15993
16002
16011
16020
16029
16038
16047
16056
16065
16074
16083
16092
16101
16110
16119
16128
16137
16146
16155
16164
16173
16182
16191
16200
16209
16218
16227
16236
16245
16254
16263
16272
16281
16290
16299
16308
16317
16326
16335
16344
16353
16362
16371
16380
16389
16398
16407
16416
16425
16434
16443
16452
16461
16470
16479
16488
16497
16506
16515
16524
16533
16542
16551
16560
16569
16578
16587
16596
16605
16614
16623
16632
16641
16650
16659
16668
16677
16686
16695
16704
16713
16722
16731
16740
16749
16758
16767
16776
16785
16794
16803
16812
16821
16830
16839
16848
16857
16866
16875
16884
16893
16902
16911
16920
16929
16938
16947
16956
16965
16974
16983
16992
17001
17010
17019
17028
17037
17046
17055
17064
17073
17082
17091
17100
17109
17118
17127
17136
17145
17154
17163
17172
17181
17190
17199
17208
17217
17226
17235
17244
17253
17262
17271
17280
17289
17298
17307
17316
17325
17334
17343
17352
17361
17370
17379
17388
17397
17406
17415
17424
17433
17442
17451
17460
17469
17478
17487
17496
17505
17514
17523
17532
17541
17550
17559
17568
17577
17586
17595
17604
17613
17622
17631
17640
17649
17658
17667
17676
17685
17694
17703
17712
17721
17730
17739
17748
17757
17766
17775
17784
17793
17802
17811
17820
17829
17838
17847
17856
17865
17874
17883
17892
17901
17910
17919
17928
17937
17946
17955
17964
17973
17982
17991
18000
18009
18018
18027
18036
18045
18054
18063
18072
18081
18090
18099
18108
18117
18126
18135
18144
18153
18162
18171
18180
18189
18198
18207
18216
18225
18234
18243
18252
18261
18270
18279
18288
18297
18306
18315
18324
18333
18342
18351
18360
18369
18378
18387
18396
18405
18414
18423
18432
18441
18450
18459
18468
18477
18486
18495
18504
18513
18522
18531
18540
18549
18558
18567
18576
18585
18594
18603
18612
18621
18630
18639
18648
18657
18666
18675
18684
18693
18702
18711
18720
18729
18738
18747
18756
18765
18774
18783
18792
18801
18810
18819
18828
18837
18846
18855
18864
18873
18882
18891
18900
18909
18918
18927
18936
18945
18954
18963
18972
18981
18990
18999
19008
19017
19026
19035
19044
19053
19062
19071
19080
19089
19098
19107
19116
19125
19134
19143
19152
19161
19170
19179
19188
19197
19206
19215
19224
19233
19242
19251
19260
19269
19278
19287
19296
19305
19314
19323
19332
19341
19350
19359
19368
19377
19386
19395
19404
19413
19422
19431
19440
19449
19458
19467
19476
19485
19494
19503
19512
19521
19530
19539
19548
19557
19566
19575
19584
19593
19602
19611
19620
19629
19638
19647
19656
19665
19674
19683
19692
19701
19710
19719
19728
19737
19746
19755
19764
19773
19782
19791
19800
19809
19818
19827
19836
19845
19854
19863
19872
19881
19890
19899
19908
19917
19926
19935
19944
19953
19962
19971
19980
19989
19998
20007
20016
20025
20034
20043
20052
20061
20070
20079
20088
20097
20106
20115
20124
20133
20142
20151
20160
20169
20178
20187
20196
20205
20214
20223
20232
20241
20250
20259
20268
20277
20286
20295
20304
20313
20322
20331
20340
20349
20358
20367
20376
20385
20394
20403
20412
20421
20430
20439
20448
20457
20466
20475
20484
20493
20502
20511
20520
20529
20538
20547
20556
20565
20574
20583
20592
20601
20610
20619
20628
20637
20646
20655
20664
20673
20682
20691
20700
20709
20718
20727
20736
20745
20754
20763
20772
20781
20790
20799
20808
20817
20826
20835
20844
20853
20862
20871
20880
20889
20898
20907
20916
20925
20934
20943
20952
20961
20970
20979
20988
20997
21006
21015
21024
21033
21042
21051
21060
21069
21078
21087
21096
21105
21114
21123
21132
21141
21150
21159
21168
21177
21186
21195
21204
21213
21222
21231
21240
21249
21258
21267
21276
21285
21294
21303
21312
21321
21330
21339
21348
21357
21366
21375
21384
21393
21402
21411
21420
21429
21438
21447
21456
21465
21474
21483
21492
21501
21510
21519
21528
21537
21546
21555
21564
21573
21582
21591
21600
21609
21618
21627
21636
21645
21654
21663
21672
21681
21690
21699
21708
21717
21726
21735
21744
21753
21762
21771
21780
21789
21798
21807
21816
21825
21834
21843
21852
21861
21870
21879
21888
21897
21906
21915
21924
21933
21942
21951
21960
21969
21978
21987
21996
22005
22014
22023
22032
22041
22050
22059
22068
22077
22086
22095
22104
22113
22122
22131
22140
22149
22158
22167
22176
22185
22194
22203
22212
22221
22230
22239
22248
22257
22266
22275
22284
22293
22302
22311
22320
22329
22338
22347
22356
22365
22374
22383
22392
22401
22410
22419
22428
22437
22446
22455
22464
22473
22482
22491
22500
22509
22518
22527
22536
22545
22554
22563
22572
22581
22590
22599
22608
22617
22626
22635
22644
22653
22662
22671
22680
22689
22698
22707
22716
22725
22734
22743
22752
22761
22770
22779
22788
22797
22806
22815
22824
22833
22842
22851
22860
22869
22878
22887
22896
22905
22914
22923
22932
22941
22950
22959
22968
22977
22986
22995
23004
23013
23022
23031
23040
23049
23058
23067
23076
23085
23094
23103
23112
23121
23130
23139
23148
23157
23166
23175
23184
23193
23202
23211
23220
23229
23238
23247
23256
23265
23274
23283
23292
23301
23310
23319
23328
23337
23346
23355
23364
23373
23382
23391
23400
23409
23418
23427
23436
23445
23454
23463
23472
23481
23490
23499
23508
23517
23526
23535
23544
23553
23562
23571
23580
23589
23598
23607
23616
23625
23634
23643
23652
23661
23670
23679
23688
23697
23706
23715
23724
23733
23742
23751
23760
23769
23778
23787
23796
23805
23814
23823
23832
23841
23850
23859
23868
23877
23886
23895
23904
23913
23922
23931
23940
23949
23958
23967
23976
23985
23994
24003
24012
24021
24030
24039
24048
24057
24066
24075
24084
24093
24102
24111
24120
24129
24138
24147
24156
24165
24174
24183
24192
24201
24210
24219
24228
24237
24246
24255
24264
24273
24282
24291
24300
24309
24318
24327
24336
24345
24354
24363
24372
24381
24390
24399
24408
24417
24426
24435
24444
24453
24462
24471
24480
24489
24498
24507
24516
24525
24534
24543
24552
24561
24570
24579
24588
24597
24606
24615
24624
24633
24642
24651
24660
24669
24678
24687
24696
24705
24714
24723
24732
24741
24750
24759
24768
24777
24786
24795
24804
24813
24822
24831
24840
24849
24858
24867
24876
24885
24894
24903
24912
24921
24930
24939
24948
24957
24966
24975
24984
24993
25002
25011
25020
25029
25038
25047
25056
25065
25074
25083
25092
25101
25110
25119
25128
25137
25146
25155
25164
25173
25182
25191
25200
25209
25218
25227
25236
25245
25254
25263
25272
25281
25290
25299
25308
25317
25326
25335
25344
25353
25362
25371
25380
25389
25398
25407
25416
25425
25434
25443
25452
25461
25470
25479
25488
25497
25506
25515
25524
25533
25542
25551
25560
25569
25578
25587
25596
25605
25614
25623
25632
25641
25650
25659
25668
25677
25686
25695
25704
25713
25722
25731
25740
25749
25758
25767
25776
25785
25794
25803
25812
25821
25830
25839
25848
25857
25866
25875
25884
25893
25902
25911
25920
25929
25938
25947
25956
25965
25974
25983
25992
26001
26010
26019
26028
26037
26046
26055
26064
26073
26082
26091
26100
26109
26118
26127
26136
26145
26154
26163
26172
26181
26190
26199
26208
26217
26226
26235
26244
26253
26262
26271
26280
26289
26298
26307
26316
26325
26334
26343
26352
26361
26370
26379
26388
26397
26406
26415
26424
26433
26442
26451
26460
26469
26478
26487
26496
26505
26514
26523
26532
26541
26550
26559
26568
26577
26586
26595
26604
26613
26622
26631
26640
26649
26658
26667
26676
26685
26694
26703
26712
26721
26730
26739
26748
26757
26766
26775
26784
26793
26802
26811
26820
26829
26838
26847
26856
26865
26874
26883
26892
26901
26910
26919
26928
26937
26946
26955
26964
26973
26982
26991
27000
27009
27018
27027
27036
27045
27054
27063
27072
27081
27090
27099
27108
27117
27126
27135
27144
27153
27162
27171
27180
27189
27198
27207
27216
27225
27234
27243
27252
27261
27270
27279
27288
27297
27306
27315
27324
27333
27342
27351
27360
27369
27378
27387
27396
27405
27414
27423
27432
27441
27450
27459
27468
27477
27486
27495
27504
27513
27522
27531
27540
27549
27558
27567
27576
27585
27594
27603
27612
27621
27630
27639
27648
27657
27666
27675
27684
27693
27702
27711
27720
27729
27738
27747
27756
27765
27774
27783
27792
27801
27810
27819
27828
27837
27846
27855
27864
27873
27882
27891
27900
27909
27918
27927
27936
27945
27954
27963
27972
27981
27990
27999
28008
28017
28026
28035
28044
28053
28062
28071
28080
28089
28098
28107
28116
28125
28134
28143
28152
28161
28170
28179
28188
28197
28206
28215
28224
28233
28242
28251
28260
28269
28278
28287
28296
28305
28314
28323
28332
28341
28350
28359
28368
28377
28386
28395
28404
28413
28422
28431
28440
28449
28458
28467
28476
28485
28494
28503
28512
28521
28530
28539
28548
28557
28566
28575
28584
28593
28602
28611
28620
28629
28638
28647
28656
28665
28674
28683
28692
28701
28710
28719
28728
28737
28746
28755
28764
28773
28782
28791
28800
28809
28818
28827
28836
28845
28854
28863
28872
28881
28890
28899
28908
28917
28926
28935
28944
28953
28962
28971
28980
28989
28998
29007
29016
29025
29034
29043
29052
29061
29070
29079
29088
29097
29106
29115
29124
29133
29142
29151
29160
29169
29178
29187
29196
29205
29214
29223
29232
29241
29250
29259
29268
29277
29286
29295
29304
29313
29322
29331
29340
29349
29358
29367
29376
29385
29394
29403
29412
29421
29430
29439
29448
29457
29466
29475
29484
29493
29502
29511
29520
29529
29538
29547
29556
29565
29574
29583
29592
29601
29610
29619
29628
29637
29646
29655
29664
29673
29682
29691
29700
29709
29718
29727
29736
29745
29754
29763
29772
29781
29790
29799
29808
29817
29826
29835
29844
29853
29862
29871
29880
29889
29898
29907
29916
29925
29934
29943
29952
29961
29970
29979
29988
29997
30006
30015
30024
30033
30042
30051
30060
30069
30078
30087
30096
30105
30114
30123
30132
30141
30150
30159
30168
30177
30186
30195
30204
30213
30222
30231
30240
30249
30258
30267
30276
30285
30294
30303
30312
30321
30330
30339
30348
30357
30366
30375
30384
30393
30402
30411
30420
30429
30438
30447
30456
30465
30474
30483
30492
30501
30510
30519
30528
30537
30546
30555
30564
30573
30582
30591
30600
30609
30618
30627
30636
30645
30654
30663
30672
30681
30690
30699
30708
30717
30726
30735
30744
30753
30762
30771
30780
30789
30798
30807
30816
30825
30834
30843
30852
30861
30870
30879
30888
30897
30906
30915
30924
30933
30942
30951
30960
30969
30978
30987
30996
31005
31014
31023
31032
31041
31050
31059
31068
31077
31086
31095
31104
31113
31122
31131
31140
31149
31158
31167
31176
31185
31194
31203
31212
31221
31230
31239
31248
31257
31266
31275
31284
31293
31302
31311
31320
31329
31338
31347
31356
31365
31374
31383
31392
31401
31410
31419
31428
31437
31446
31455
31464
31473
31482
31491
31500
31509
31518
31527
31536
31545
31554
31563
31572
31581
31590
31599
31608
31617
31626
31635
31644
31653
31662
31671
31680
31689
31698
31707
31716
31725
31734
31743
31752
31761
31770
31779
31788
31797
31806
31815
31824
31833
31842
31851
31860
31869
31878
31887
31896
31905
31914
31923
31932
31941
31950
31959
31968
31977
31986
31995
32004
32013
32022
32031
32040
32049
32058
32067
32076
32085
32094
32103
32112
32121
32130
32139
32148
32157
32166
32175
32184
32193
32202
32211
32220
32229
32238
32247
32256
32265
32274
32283
32292
32301
32310
32319
32328
32337
32346
32355
32364
32373
32382
32391
32400
32409
32418
32427
32436
32445
32454
32463
32472
32481
32490
32499
32508
32517
32526
32535
32544
32553
32562
32571
32580
32589
32598
32607
32616
32625
32634
32643
32652
32661
32670
32679
32688
32697
32706
32715
32724
32733
32742
32751
32760
32769
32778
32787
32796
32805
32814
32823
32832
32841
32850
32859
32868
32877
32886
32895
32904
32913
32922
32931
32940
32949
32958
32967
32976
32985
32994
33003
33012
33021
33030
33039
33048
33057
33066
33075
33084
33093
33102
33111
33120
33129
33138
33147
33156
33165
33174
33183
33192
33201
33210
33219
33228
33237
33246
33255
33264
33273
33282
33291
33300
33309
33318
33327
33336
33345
33354
33363
33372
33381
33390
33399
33408
33417
33426
33435
33444
33453
33462
33471
33480
33489
33498
33507
33516
33525
33534
33543
33552
33561
33570
33579
33588
33597
33606
33615
33624
33633
33642
33651
33660
33669
33678
33687
33696
33705
33714
33723
33732
33741
33750
33759
33768
33777
33786
33795
33804
33813
33822
33831
33840
33849
33858
33867
33876
33885
33894
33903
33912
33921
33930
33939
33948
33957
33966
33975
33984
33993
34002
34011
34020
34029
34038
34047
34056
34065
34074
34083
34092
34101
34110
34119
34128
34137
34146
34155
34164
34173
34182
34191
34200
34209
34218
34227
34236
34245
34254
34263
34272
34281
34290
34299
34308
34317
34326
34335
34344
34353
34362
34371
34380
34389
34398
34407
34416
34425
34434
34443
34452
34461
34470
34479
34488
34497
34506
34515
34524
34533
34542
34551
34560
34569
34578
34587
34596
34605
34614
34623
34632
34641
34650
34659
34668
34677
34686
34695
34704
34713
34722
34731
34740
34749
34758
34767
34776
34785
34794
34803
34812
34821
34830
34839
34848
34857
34866
34875
34884
34893
34902
34911
34920
34929
34938
34947
34956
34965
34974
34983
34992
35001
35010
35019
35028
35037
35046
35055
35064
35073
35082
35091
35100
35109
35118
35127
35136
35145
35154
35163
35172
35181
35190
35199
35208
35217
35226
35235
35244
35253
35262
35271
35280
35289
35298
35307
35316
35325
35334
35343
35352
35361
35370
35379
35388
35397
35406
35415
35424
35433
35442
35451
35460
35469
35478
35487
35496
35505
35514
35523
35532
35541
35550
35559
35568
35577
35586
35595
35604
35613
35622
35631
35640
35649
35658
35667
35676
35685
35694
35703
35712
35721
35730
35739
35748
35757
35766
35775
35784
35793
35802
35811
35820
35829
35838
35847
35856
35865
35874
35883
35892
35901
35910
35919
35928
35937
35946
35955
35964
35973
35982
35991
36000
36009
36018
36027
36036
36045
36054
36063
36072
36081
36090
36099
36108
36117
36126
36135
36144
36153
36162
36171
36180
36189
36198
36207
36216
36225
36234
36243
36252
36261
36270
36279
36288
36297
36306
36315
36324
36333
36342
36351
36360
36369
36378
36387
36396
36405
36414
36423
36432
36441
36450
36459
36468
36477
36486
36495
36504
36513
36522
36531
36540
36549
36558
36567
36576
36585
36594
36603
36612
36621
36630
36639
36648
36657
36666
36675
36684
36693
36702
36711
36720
36729
36738
36747
36756
36765
36774
36783
36792
36801
36810
36819
36828
36837
36846
36855
36864
36873
36882
36891
36900
36909
36918
36927
36936
36945
36954
36963
36972
36981
36990
36999
37008
37017
37026
37035
37044
37053
37062
37071
37080
37089
37098
37107
37116
37125
37134
37143
37152
37161
37170
37179
37188
37197
37206
37215
37224
37233
37242
37251
37260
37269
37278
37287
37296
37305
37314
37323
37332
37341
37350
37359
37368
37377
37386
37395
37404
37413
37422
37431
37440
37449
37458
37467
37476
37485
37494
37503
37512
37521
37530
37539
37548
37557
37566
37575
37584
37593
37602
37611
37620
37629
37638
37647
37656
37665
37674
37683
37692
37701
37710
37719
37728
37737
37746
37755
37764
37773
37782
37791
37800
37809
37818
37827
37836
37845
37854
37863
37872
37881
37890
37899
37908
37917
37926
37935
37944
37953
37962
37971
37980
37989
37998
38007
38016
38025
38034
38043
38052
38061
38070
38079
38088
38097
38106
38115
38124
38133
38142
38151
38160
38169
38178
38187
38196
38205
38214
38223
38232
38241
38250
38259
38268
38277
38286
38295
38304
38313
38322
38331
38340
38349
38358
38367
38376
38385
38394
38403
38412
38421
38430
38439
38448
38457
38466
38475
38484
38493
38502
38511
38520
38529
38538
38547
38556
38565
38574
38583
38592
38601
38610
38619
38628
38637
38646
38655
38664
38673
38682
38691
38700
38709
38718
38727
38736
38745
38754
38763
38772
38781
38790
38799
38808
38817
38826
38835
38844
38853
38862
38871
38880
38889
38898
38907
38916
38925
38934
38943
38952
38961
38970
38979
38988
38997
39006
39015
39024
39033
39042
39051
39060
39069
39078
39087
39096
39105
39114
39123
39132
39141
39150
39159
39168
39177
39186
39195
39204
39213
39222
39231
39240
39249
39258
39267
39276
39285
39294
39303
39312
39321
39330
39339
39348
39357
39366
39375
39384
39393
39402
39411
39420
39429
39438
39447
39456
39465
39474
39483
39492
39501
39510
39519
39528
39537
39546
39555
39564
39573
39582
39591
39600
39609
39618
39627
39636
39645
39654
39663
39672
39681
39690
39699
39708
39717
39726
39735
39744
39753
39762
39771
39780
39789
39798
39807
39816
39825
39834
39843
39852
39861
39870
39879
39888
39897
39906
39915
39924
39933
39942
39951
39960
39969
39978
39987
39996
40005
40014
40023
40032
40041
40050
40059
40068
40077
40086
40095
40104
40113
40122
40131
40140
40149
40158
40167
40176
40185
40194
40203
40212
40221
40230
40239
40248
40257
40266
40275
40284
40293
40302
40311
40320
40329
40338
40347
40356
40365
40374
40383
40392
40401
40410
40419
40428
40437
40446
40455
40464
40473
40482
40491
40500
40509
40518
40527
40536
40545
40554
40563
40572
40581
40590
40599
40608
40617
40626
40635
40644
40653
40662
40671
40680
40689
40698
40707
40716
40725
40734
40743
40752
40761
40770
40779
40788
40797
40806
40815
40824
40833
40842
40851
40860
40869
40878
40887
40896
40905
40914
40923
40932
40941
40950
40959
40968
40977
40986
40995
41004
41013
41022
41031
41040
41049
41058
41067
41076
41085
41094
41103
41112
41121
41130
41139
41148
41157
41166
41175
41184
41193
41202
41211
41220
41229
41238
41247
41256
41265
41274
41283
41292
41301
41310
41319
41328
41337
41346
41355
41364
41373
41382
41391
41400
41409
41418
41427
41436
41445
41454
41463
41472
41481
41490
41499
41508
41517
41526
41535
41544
41553
41562
41571
41580
41589
41598
41607
41616
41625
41634
41643
41652
41661
41670
41679
41688
41697
41706
41715
41724
41733
41742
41751
41760
41769
41778
41787
41796
41805
41814
41823
41832
41841
41850
41859
41868
41877
41886
41895
41904
41913
41922
41931
41940
41949
41958
41967
41976
41985
41994
42003
42012
42021
42030
42039
42048
42057
42066
42075
42084
42093
42102
42111
42120
42129
42138
42147
42156
42165
42174
42183
42192
42201
42210
42219
42228
42237
42246
42255
42264
42273
42282
42291
42300
42309
42318
42327
42336
42345
42354
42363
42372
42381
42390
42399
42408
42417
42426
42435
42444
42453
42462
42471
42480
42489
42498
42507
42516
42525
42534
42543
42552
42561
42570
42579
42588
42597
42606
42615
42624
42633
42642
42651
42660
42669
42678
42687
42696
42705
42714
42723
42732
42741
42750
42759
42768
42777
42786
42795
42804
42813
42822
42831
42840
42849
42858
42867
42876
42885
42894
42903
42912
42921
42930
42939
42948
42957
42966
42975
42984
42993
43002
43011
43020
43029
43038
43047
43056
43065
43074
43083
43092
43101
43110
43119
43128
43137
43146
43155
43164
43173
43182
43191
43200
43209
43218
43227
43236
43245
43254
43263
43272
43281
43290
43299
43308
43317
43326
43335
43344
43353
43362
43371
43380
43389
43398
43407
43416
43425
43434
43443
43452
43461
43470
43479
43488
43497
43506
43515
43524
43533
43542
43551
43560
43569
43578
43587
43596
43605
43614
43623
43632
43641
43650
43659
43668
43677
43686
43695
43704
43713
43722
43731
43740
43749
43758
43767
43776
43785
43794
43803
43812
43821
43830
43839
43848
43857
43866
43875
43884
43893
43902
43911
43920
43929
43938
43947
43956
43965
43974
43983
43992
44001
44010
44019
44028
44037
44046
44055
44064
44073
44082
44091
44100
44109
44118
44127
44136
44145
44154
44163
44172
44181
44190
44199
44208
44217
44226
44235
44244
44253
44262
44271
44280
44289
44298
44307
44316
44325
44334
44343
44352
44361
44370
44379
44388
44397
44406
44415
44424
44433
44442
44451
44460
44469
44478
44487
44496
44505
44514
44523
44532
44541
44550
44559
44568
44577
44586
44595
44604
44613
44622
44631
44640
44649
44658
44667
44676
44685
44694
44703
44712
44721
44730
44739
44748
44757
44766
44775
44784
44793
44802
44811
44820
44829
44838
44847
44856
44865
44874
44883
44892
44901
44910
44919
44928
44937
44946
44955
44964
44973
44982
44991
45000
45009
45018
45027
45036
45045
45054
45063
45072
45081
45090
45099
45108
45117
45126
45135
45144
45153
45162
45171
45180
45189
45198
45207
45216
45225
45234
45243
45252
45261
45270
45279
45288
45297
45306
45315
45324
45333
45342
45351
45360
45369
45378
45387
45396
45405
45414
45423
45432
45441
45450
45459
45468
45477
45486
45495
45504
45513
45522
45531
45540
45549
45558
45567
45576
45585
45594
45603
45612
45621
45630
45639
45648
45657
45666
45675
45684
45693
45702
45711
45720
45729
45738
45747
45756
45765
45774
45783
45792
45801
45810
45819
45828
45837
45846
45855
45864
45873
45882
45891
45900
45909
45918
45927
45936
45945
45954
45963
45972
45981
45990
45999
46008
46017
46026
46035
46044
46053
46062
46071
46080
46089
46098
46107
46116
46125
46134
46143
46152
46161
46170
46179
46188
46197
46206
46215
46224
46233
46242
46251
46260
46269
46278
46287
46296
46305
46314
46323
46332
46341
46350
46359
46368
46377
46386
46395
46404
46413
46422
46431
46440
46449
46458
46467
46476
46485
46494
46503
46512
46521
46530
46539
46548
46557
46566
46575
46584
46593
46602
46611
46620
46629
46638
46647
46656
46665
46674
46683
46692
46701
46710
46719
46728
46737
46746
46755
46764
46773
46782
46791
46800
46809
46818
46827
46836
46845
46854
46863
46872
46881
46890
46899
46908
46917
46926
46935
46944
46953
46962
46971
46980
46989
46998
47007
47016
47025
47034
47043
47052
47061
47070
47079
47088
47097
47106
47115
47124
47133
47142
47151
47160
47169
47178
47187
47196
47205
47214
47223
47232
47241
47250
47259
47268
47277
47286
47295
47304
47313
47322
47331
47340
47349
47358
47367
47376
47385
47394
47403
47412
47421
47430
47439
47448
47457
47466
47475
47484
47493
47502
47511
47520
47529
47538
47547
47556
47565
47574
47583
47592
47601
47610
47619
47628
47637
47646
47655
47664
47673
47682
47691
47700
47709
47718
47727
47736
47745
47754
47763
47772
47781
47790
47799
47808
47817
47826
47835
47844
47853
47862
47871
47880
47889
47898
47907
47916
47925
47934
47943
47952
47961
47970
47979
47988
47997
48006
48015
48024
48033
48042
48051
48060
48069
48078
48087
48096
48105
48114
48123
48132
48141
48150
48159
48168
48177
48186
48195
48204
48213
48222
48231
48240
48249
48258
48267
48276
48285
48294
48303
48312
48321
48330
48339
48348
48357
48366
48375
48384
48393
48402
48411
48420
48429
48438
48447
48456
48465
48474
48483
48492
48501
48510
48519
48528
48537
48546
48555
48564
48573
48582
48591
48600
48609
48618
48627
48636
48645
48654
48663
48672
48681
48690
48699
48708
48717
48726
48735
48744
48753
48762
48771
48780
48789
48798
48807
48816
48825
48834
48843
48852
48861
48870
48879
48888
48897
48906
48915
48924
48933
48942
48951
48960
48969
48978
48987
48996
49005
49014
49023
49032
49041
49050
49059
49068
49077
49086
49095
49104
49113
49122
49131
49140
49149
49158
49167
49176
49185
49194
49203
49212
49221
49230
49239
49248
49257
49266
49275
49284
49293
49302
49311
49320
49329
49338
49347
49356
49365
49374
49383
49392
49401
49410
49419
49428
49437
49446
49455
49464
49473
49482
49491
49500
49509
49518
49527
49536
49545
49554
49563
49572
49581
49590
49599
49608
49617
49626
49635
49644
49653
49662
49671
49680
49689
49698
49707
49716
49725
49734
49743
49752
49761
49770
49779
49788
49797
49806
49815
49824
49833
49842
49851
49860
49869
49878
49887
49896
49905
49914
49923
49932
49941
49950
49959
49968
49977
49986
49995
