99
105
111
117
123
129
135
141
147
153
159
165
171
177
183
189
195
201
207
213
219
225
231
237
243
249
255
261
267
273
279
285
291
297
303
309
315
321
327
333
339
345
351
357
363
369
375
381
387
393
399
405
411
417
423
429
435
441
447
453
459
465
471
477
483
489
495
501
507
513
519
525
531
537
543
549
555
561
567
573
579
585
591
597
603
609
615
621
627
633
639
645
651
657
663
669
675
681
687
693
699
705
711
717
723
729
735
741
747
753
759
765
771
777
783
789
795
801
807
813
819
825
831
837
843
849
855
861
867
873
879
885
891
897
903
909
915
921
927
933
939
945
951
957
963
969
975
981
987
993
999
1005
1011
1017
1023
1029
1035
1041
1047
1053
1059
1065
1071
1077
1083
1089
1095
1101
1107
1113
1119
1125
1131
1137
1143
1149
1155
1161
1167
1173
1179
1185
1191
1197
1203
1209
1215
1221
1227
1233
1239
1245
1251
1257
1263
1269
1275
1281
1287
1293
1299
1305
1311
1317
1323
1329
1335
1341
1347
1353
1359
1365
1371
1377
1383
1389
1395
1401
1407
1413
1419
1425
1431
1437
1443
1449
1455
1461
1467
1473
1479
1485
1491
1497
1503
1509
1515
1521
1527
1533
1539
1545
1551
1557
1563
1569
1575
1581
1587
1593
1599
1605
1611
1617
1623
1629
1635
1641
1647
1653
1659
1665
1671
1677
1683
1689
1695
1701
1707
1713
1719
1725
1731
1737
1743
1749
1755
1761
1767
1773
1779
1785
1791
1797
1803
1809
1815
1821
1827
1833
1839
1845
1851
1857
1863
1869
1875
1881
1887
1893
1899
1905
1911
1917
1923
1929
1935
1941
1947
1953
1959
1965
1971
1977
1983
1989
1995
2001
2007
2013
2019
2025
2031
2037
2043
2049
2055
2061
2067
2073
2079
2085
2091
2097
2103
2109
2115
2121
2127
2133
2139
2145
2151
2157
2163
2169
2175
2181
2187
2193
2199
2205
2211
2217
2223
2229
2235
2241
2247
2253
2259
2265
2271
2277
2283
2289
2295
2301
2307
2313
2319
2325
2331
2337
2343
2349
2355
2361
2367
2373
2379
2385
2391
2397
2403
2409
2415
2421
2427
2433
2439
2445
2451
2457
2463
2469
2475
2481
2487
2493
2499
2505
2511
2517
2523
2529
2535
2541
2547
2553
2559
2565
2571
2577
2583
2589
2595
2601
2607
2613
2619
2625
2631
2637
2643
2649
2655
2661
2667
2673
2679
2685
2691
2697
2703
2709
2715
2721
2727
2733
2739
2745
2751
2757
2763
2769
2775
2781
2787
2793
2799
2805
2811
2817
2823
2829
2835
2841
2847
2853
2859
2865
2871
2877
2883
2889
2895
2901
2907
2913
2919
2925
2931
2937
2943
2949
2955
2961
2967
2973
2979
2985
2991
2997
3003
3009
3015
3021
3027
3033
3039
3045
3051
3057
3063
3069
3075
3081
3087
3093
3099
3105
3111
3117
3123
3129
3135
3141
3147
3153
3159
3165
3171
3177
3183
3189
3195
3201
3207
3213
3219
3225
3231
3237
3243
3249
3255
3261
3267
3273
3279
3285
3291
3297
3303
3309
3315
3321
3327
3333
3339
3345
3351
3357
3363
3369
3375
3381
3387
3393
3399
3405
3411
3417
3423
3429
3435
3441
3447
3453
3459
3465
3471
3477
3483
3489
3495
3501
3507
3513
3519
3525
3531
3537
3543
3549
3555
3561
3567
3573
3579
3585
3591
3597
3603
3609
3615
3621
3627
3633
3639
3645
3651
3657
3663
3669
3675
3681
3687
3693
3699
3705
3711
3717
3723
3729
3735
3741
3747
3753
3759
3765
3771
3777
3783
3789
3795
3801
3807
3813
3819
3825
3831
3837
3843
3849
3855
3861
3867
3873
3879
3885
3891
3897
3903
3909
3915
3921
3927
3933
3939
3945
3951
3957
3963
3969
3975
3981
3987
3993
3999
4005
4011
4017
4023
4029
4035
4041
4047
4053
4059
4065
4071
4077
4083
4089
4095
4101
4107
4113
4119
4125
4131
4137
4143
4149
4155
4161
4167
4173
4179
4185
4191
4197
4203
4209
4215
4221
4227
4233
4239
4245
4251
4257
4263
4269
4275
4281
4287
4293
4299
4305
4311
4317
4323
4329
4335
4341
4347
4353
4359
4365
4371
4377
4383
4389
4395
4401
4407
4413
4419
4425
4431
4437
4443
4449
4455
4461
4467
4473
4479
4485
4491
4497
4503
4509
4515
4521
4527
4533
4539
4545
4551
4557
4563
4569
4575
4581
4587
4593
4599
4605
4611
4617
4623
4629
4635
4641
4647
4653
4659
4665
4671
4677
4683
4689
4695
4701
4707
4713
4719
4725
4731
4737
4743
4749
4755
4761
4767
4773
4779
4785
4791
4797
4803
4809
4815
4821
4827
4833
4839
4845
4851
4857
4863
4869
4875
4881
4887
4893
4899
4905
4911
4917
4923
4929
4935
4941
4947
4953
4959
4965
4971
4977
4983
4989
4995
