934002
801532
826316
86174
461371
590998
703005
521194
252481
112907
568659
356775
22679
928634
967388
496779
709002
690505
542552
555563
711819
146641
719463
130253
945752
953645
136972
351845
352808
798679
214767
744956
264255
909379
683846
810403
820724
-51456
80276
864343
89854
357501
53250
864351
241957
936730
471438
892142
345894
327219
789268
378459
770535
15168
894453
847796
427624
407242
963535
350807
244465
136539
626052
740809
703202
51985
86716
903955
640533
608094
716382
640238
33007
268202
24768
97817
406758
381412
275427
646037
187191
384261
843884
458746
-10465
704004
-13785
152139
332202
183307
440254
688518
864016
812652
881852
866866
53004
936524
83833
981414
757094
433015
416541
156931
587863
787155
260881
486364
552565
151253
803745
804356
71697
645239
360771
974326
847840
114541
696879
510981
27266
588795
-79453
19014
407522
-72387
-16445
652779
897426
240504
419291
98767
916332
433983
346374
925130
251018
956192
40907
572170
345341
773794
874369
22500
749450
708880
241910
398687
211783
703645
-86440
286645
145738
296726
688455
596858
-55996
460821
564904
471712
522072
47213
-64851
157881
908709
550934
865735
197312
171109
530738
-23617
715981
344462
184006
977409
780470
197604
300894
967533
656461
755122
288125
653144
953741
82936
501831
497241
453558
681541
297776
-80653
341464
-13623
422998
114920
589601
742443
245459
566080
989336
323698
199712
185760
784818
839722
468330
77475
909157
476143
528607
432500
218989
435569
751911
739652
850647
-64406
691219
143084
760363
414899
803415
974121
938099
949008
-66702
370621
236288
209977
442208
863827
56729
-91693
305677
341402
700402
489396
594618
686707
284747
864979
281504
203877
3546
769804
868011
697347
131035
133290
945315
821649
906533
675426
-80370
314584
236182
105684
588857
470666
518238
446166
331007
220989
565234
-5262
-78707
-19048
529049
748147
217873
123855
878157
15330
-62393
965253
797640
-34358
-73084
-44144
291890
940511
258327
923100
44151
897639
305812
504832
660578
668761
634978
305015
322185
18123
514302
366981
917371
876320
670559
679715
939913
353667
499645
847143
184705
198831
123270
439441
413604
449087
-40028
673829
65580
-70448
34807
169894
93268
458203
739444
181983
638428
788902
929824
947339
665422
331974
254362
935446
690026
836090
766015
678145
640954
715893
507572
725774
255896
711378
453293
479630
391299
440199
779028
718423
378958
896016
707589
163295
427233
330172
291666
145632
440089
429457
318203
642663
105430
580685
96474
395143
170479
137276
240139
938790
758953
265707
289528
819619
427192
799374
815182
498279
182031
18833
305716
507205
126227
841519
619561
654072
310580
878603
917621
902584
416265
731029
255083
895277
822628
316884
11388
875044
950405
924241
789873
206356
34505
995072
615526
656659
735700
743797
-12023
-28146
575307
264731
24953
28851
194596
46860
571946
425304
335576
25024
464761
870314
866732
781549
320522
836465
473693
400464
935865
705679
597005
878392
-12124
485300
564527
887565
705492
-42526
497517
735540
236976
737038
45247
920614
945152
466082
651556
59775
-47955
427843
-63757
775257
623386
111331
563967
370089
666334
497226
910579
652161
439180
577716
826844
284065
536746
338244
95188
891284
865296
-3579
494818
103078
513749
934491
377418
481279
446420
-47358
660461
683204
109891
121144
549077
933628
708138
203581
458031
485628
862497
47866
175651
866051
671271
926609
678013
830288
666803
356854
107324
585793
975942
256940
-8180
590368
881486
278065
962317
492482
387798
911346
203261
9960
714672
875487
665765
485996
638296
-28773
341149
699103
17641
848751
326919
154283
288343
301093
653123
222689
342259
848930
147812
955199
686249
578889
992027
539587
-33366
638665
861137
222591
575446
597593
245731
29925
747325
641697
603840
29356
497574
45383
550442
281282
695646
898882
398980
122269
63614
883403
67953
964653
484535
556207
148080
640102
388316
672024
145685
908399
552523
576680
453459
769692
247759
888530
-18216
145319
292273
847434
410244
17279
284036
430000
147683
363133
93777
172877
377440
538721
697881
662405
279319
74525
713868
649990
719761
-82427
970812
204822
771710
294480
208101
414381
543354
476814
675166
84453
310087
640179
307436
-20234
817518
318567
798123
549785
670972
870212
120818
262566
687318
913001
57368
374787
996394
10153
628705
703074
694123
203128
267316
366914
427982
340450
815590
525963
500510
801961
671338
779915
457728
826467
852159
300237
518191
424021
584736
255916
752903
-65069
748555
950555
721769
461922
496347
627386
255296
905792
88525
451259
248705
285876
738526
-6085
271677
110511
-80963
-83936
-43067
878375
269355
-21839
52236
504057
633674
-85406
752626
591780
868671
-39489
526153
356071
224359
-72491
854495
929168
584957
867994
806108
389263
186550
486431
999048
536081
955674
812355
141560
666349
50657
243098
897335
171850
31236
583960
134199
880749
961088
707746
-80394
890153
586055
495122
438616
419388
820729
608976
831503
119472
436020
975923
884651
305587
531148
184294
689669
950966
161681
587253
19251
572366
660765
345481
97035
-97012
858718
5036
141432
269609
30945
646714
572443
630174
458631
511394
59020
947757
359152
-1965
545278
713702
945293
856859
878993
115435
68847
68597
723101
336133
756239
77538
422379
521867
836247
-67202
555700
981575
700811
443340
52147
928590
723755
41674
623176
69490
-54223
249748
795039
959992
729079
243389
189028
32616
730996
927480
905837
55129
535970
24482
215041
483820
722281
19188
711394
961811
-88136
522213
998206
459599
71989
698124
54274
526901
642775
521928
272645
235924
835291
896698
598033
875288
362108
667687
-20144
972007
377926
911606
264502
841311
33190
992156
-39836
309974
299871
133644
896993
984591
586857
258741
601424
857781
-37519
31018
656213
830773
57782
404372
849189
996777
590351
314411
-55632
838642
199199
798777
580740
578358
296377
138320
20970
-69806
401987
875728
823541
304189
460905
509150
313497
136735
-65231
-69511
807195
245998
625637
237680
667640
882418
765586
762760
-29650
179272
526332
674618
169885
759037
786238
702072
-82496
112388
630381
553801
-30319
860314
74567
137333
559594
190670
215349
281732
352243
92873
833121
527130
429456
-6786
-77514
411154
532696
263595
138306
374784
549009
535983
-39760
-16455
861665
265949
993818
686097
985152
90578
990092
187814
297439
321513
16690
144642
38655
871048
892794
884703
81659
315657
465906
462688
443058
399015
764855
882203
587470
50537
194889
915864
998910
-95914
723720
580056
309267
796006
790924
877912
352588
133905
448889
638455
399878
903259
441258
799495
143520
-80048
-74635
29501
266054
832840
-39751
615043
353483
-64190
204903
104292
963256
159742
947346
669993
51279
964141
974349
742249
235980
656988
70170
84406
10086
113351
-6835
146730
802216
330585
-49006
11048
-92726
656315
960876
583680
884304
80582
301772
878511
478326
719009
49273
814150
539137
534582
545493
676327
463729
329754
-1337
234490
661949
187747
25504
-58109
679079
760049
657300
690737
161478
