729429
500924
142533
485764
648453
793136
41542
624100
843403
30184
-45741
565898
781380
158284
254788
-55359
443989
231030
827933
889380
82436
-29939
648425
778649
948557
358418
384120
971382
401714
426724
-44562
260923
336397
42455
327268
358659
478156
696969
372085
815531
990802
108967
901479
701427
293081
805337
498514
611956
887925
582784
-29601
298082
910015
16827
495626
-31867
340308
903175
319252
884974
975141
65687
88438
415080
891052
-80180
505290
444308
852364
477857
-32638
785013
460827
70158
922682
377342
547689
-57771
757849
843247
737495
276936
670278
726080
70460
55301
253945
-38435
287354
573412
874934
550353
312621
482438
1264
681080
868418
718498
457666
791424
179716
38136
712554
458517
321719
803005
-11409
569922
448580
482953
392704
521012
17536
537891
548482
660185
590384
458331
343281
959845
231898
-5207
536639
-39537
853379
56135
649003
191796
-81905
570016
51507
-55013
238100
555540
358172
508804
169041
544906
344906
186324
322052
846746
173978
378020
941712
306388
887731
604974
914716
660877
613111
348037
-69589
320014
558294
798927
138996
290436
6505
874974
297512
511529
190031
754857
511652
464331
150612
617448
4635
99507
151071
801648
785257
844582
81860
378367
240536
768056
421680
634765
581953
622130
61651
430676
757985
-10053
410902
798246
624983
920643
476741
863847
498672
702743
995240
311320
268552
-3735
10607
375392
583724
141325
918478
319450
783656
541370
864338
345394
869563
639124
79446
276591
275979
435136
668820
-63771
438958
846167
-69806
284063
411887
746792
938971
491694
389557
451241
728485
268163
914486
736614
758617
43902
428710
628029
138614
426332
63906
320216
593423
924260
775658
182039
-12015
305267
773855
480510
967117
942360
34787
488038
876598
233655
-87037
521463
134371
120279
274781
637267
-53257
608682
970312
252289
377395
229551
248981
55517
6084
285267
172872
780614
-36477
880358
-15581
-39517
590065
532917
402368
772413
565411
417531
392921
709198
671673
210913
641649
997490
192057
150451
850631
66449
601916
549694
577646
244020
42581
677359
862172
405520
255625
925607
52704
62446
43111
529417
7812
423553
227768
766190
704382
707783
316690
927715
-87559
786046
356261
184681
627021
-47099
285739
-56121
28183
593976
193296
610345
96013
743160
723337
72320
675622
690100
792964
55196
1591
-34875
226627
547813
16143
171498
373331
536948
717125
83370
707221
863760
492991
881745
551507
218637
602024
-44385
189643
191499
565143
486029
614558
191385
-68082
332612
659325
815425
490057
909929
-22096
524654
-66789
-84551
339304
939440
204616
520148
551814
471187
619852
890529
46950
444770
-66160
131601
985260
344162
194912
11843
493391
865330
154856
-68934
73097
274293
276852
889173
-68534
832170
10074
625199
215442
714835
865753
703475
14875
584799
186018
783076
582032
286404
936749
80655
735206
875155
509527
796967
-93681
-8035
500746
440934
131952
530842
975487
199917
65954
761974
295977
129493
967796
290057
226471
129783
936244
114793
102664
-44225
946813
578559
656242
395123
593493
88850
275969
606231
884548
31889
195517
907918
411571
323847
-63892
368180
2626
860
73966
604714
341182
124373
-92384
496643
726419
633470
845682
544727
730189
242112
918572
787609
678971
150084
256946
255905
-43936
749207
50708
48961
715819
177647
154344
-3246
680108
804381
471613
-12210
902059
641256
203307
17790
949698
412265
228292
879116
250384
101331
88591
830836
936082
90230
589989
647743
670523
-39288
10486
798914
765918
552578
655951
12401
962541
478646
445644
81022
361969
942233
303763
834071
173262
201782
443004
32388
711164
44838
563077
633073
577097
413308
812040
833473
703132
288787
674390
913356
64498
947458
146865
377704
-48638
368442
968995
876095
161436
87537
469341
-1702
821454
982913
99033
948567
808784
853344
408687
279390
155910
434822
472700
899025
242778
962774
103838
382779
958957
619044
236502
872693
58199
982802
-42801
492696
762663
80139
490920
-22473
108727
997891
592993
283616
238781
524264
228919
397833
-38265
858724
191444
251175
-47449
-33184
501200
862783
468280
331779
421110
597176
782016
252642
604456
468021
845425
269089
914769
-42915
-88945
664214
849669
157976
52151
990721
407071
917040
-43879
791072
121072
473092
578871
487796
559288
510814
344273
278375
360779
100894
996484
648267
101437
1009
455740
248197
67880
287407
472846
714031
-17679
661027
766662
250988
480519
768078
950097
391109
879544
892138
543896
881531
375616
-53558
39189
362986
614253
577471
312656
-17040
451175
523673
653561
186910
602317
879358
807907
370672
277782
-10643
517938
-38264
440372
552292
493775
461284
878316
-47779
-32444
301706
442412
697173
218091
595182
768362
797768
240586
451155
538178
335858
841191
570873
932910
246558
684052
-56374
-66943
619935
729737
-85706
68959
690922
276468
-51231
69857
-94485
476642
334269
3269
-68505
-40922
-10884
568430
480357
216729
520390
327602
573514
-1318
743433
321248
133442
983567
990252
406550
513338
346240
566214
335583
-1720
368294
779762
-13772
252179
733651
192349
919381
49052
864055
479605
78688
241504
535139
922399
-43932
422386
905970
225613
479470
705614
160931
830550
283165
-73557
-87641
191974
308839
192199
930075
843102
66602
871897
23161
757392
570514
974638
85269
229933
867513
-71031
271731
899422
729052
-71550
-29112
237806
128399
285701
721476
897138
710349
882499
335277
699251
894287
910138
185613
434652
777479
649140
3857
44023
303647
-43878
790768
305658
-54778
897047
631301
348291
885874
614296
721668
628945
503764
-76346
492969
-8951
898554
-82170
912573
897918
661504
531947
796260
599677
140795
316540
566750
219828
408659
821460
929968
14439
788630
100582
271952
159723
216061
589623
-50691
718590
427922
225775
546275
912694
593802
60898
272893
938720
277119
930256
401652
178413
35159
609588
772073
508874
950596
178208
725498
-30222
890030
713875
542364
225687
997447
350696
755038
765672
-5408
631839
653008
637277
462299
970519
888446
836248
-60622
822878
865576
800463
264304
937058
733057
190065
726008
190706
541693
-20288
480981
434883
527476
373453
811267
791255
357317
542416
217733
-11610
736401
225613
106233
671825
681052
-92478
238949
808527
475119
504724
549972
803196
846330
733061
791877
651370
710838
277439
219638
-47285
700981
214098
484056
656003
829557
383769
327094
529833
971979
70668
191028
-96679
333889
77179
631777
307252
727803
397149
591139
864267
529677
644359
972011
296870
752123
969427
545244
47882
811592
676286
604230
42128
858028
133317
567715
358824
684930
-6194
58067
977221
834280
304332
551025
257979
386916
342047
471388
594110
-48540
69120
405521
456146
241690
682359
-49971
790350
366473
808231
15488
53345
372356
753352
268185
125680
942426
400931
759626
-38546
310860
436860
455278
313399
420296
-2440
766444
885320
55982
552426
633570
965749
364974
674354
603110
347120
812964
53633
105648
903463
26099
428069
342686
346904
994017
370481
283501
-58876
654617
779555
-50068
-7584
996936
945639
395697
344811
283476
632967
79513
302086
412934
39141
862135
670501
750977
774274
546550
600881
812607
155697
943203
975144
930833
170704
628520
999304
579263
-80568
627847
879537
901038
282668
927195
44800
835111
730068
914341
-34881
769469
901014
971261
208956
733508
-41391
270672
817933
906298
61333
884305
821113
171992
180003
341427
981826
356073
777201
610230
391450
173148
926626
18416
726615
719501
545962
834600
105430
140426
-66619
466917
490212
484460
279167
584626
-45339
229648
75213
198690
579072
-16127
343510
5937
232652
346134
566195
602520
982156
756711
220921
954958
883775
330971
504912
50288
854197
183006
139889
-74132
767057
485919
698495
760110
529252
-61616
863788
618562
465164
301029
225439
756495
888029
491101
344384
388089
398759
747865
1844
-63732
996787
249553
11751
869478
801214
798044
896157
637117
-72754
829386
592803
276875
520159
890033
834800
537736
191434
970650
497511
-52750
370204
166832
730808
666545
-30612
798107
814318
4417
483635
220539
747544
610400
258292
-42344
347243
817935
94594
238060
993686
117474
655370
200054
639098
849924
16328
133586
-47486
721034
29153
-76265
545259
958212
-84689
362009
305556
942919
125345
545261
630825
540794
-52129
592349
922458
788042
867300
543505
573431
343939
160284
821698
548038
651256
531820
617589
752105
623840
378238
764124
819888
506961
426484
977658
389963
537871
309159
389602
771338
360891
-44157
900828
127361
42621
673505
961672
908508
487535
46908
714358
814016
202023
399556
979094
-6632
282440
988998
772085
291382
708659
10085
249570
644222
645685
910070
860823
507908
702605
205165
933572
944703
262788
-45634
263836
670623
740847
281551
929935
228043
-82622
-79647
693791
192066
140328
72064
327425
422907
824507
55880
31319
577545
316813
508986
923236
787544
720770
631847
638038
373993
513324
542027
241070
826545
150177
634050
326641
723400
-45369
257518
237704
606701
66854
653935
583721
667218
328673
392986
638499
329893
645552
-78993
600141
830806
702915
496044
-73334
425255
423287
72422
609527
122675
-19503
339330
-54775
-77288
778565
280586
596422
889444
227007
742220
754993
315978
528332
197123
682472
844454
122875
385210
533657
540763
-97831
408127
406231
51072
-96651
478791
491213
162107
217060
804155
819220
199099
-49795
169261
262661
263179
912268
653949
347790
16898
-62494
164902
780456
116148
-14867
641526
263455
255442
987333
242001
920054
761153
385430
393426
907866
483959
811122
418233
801245
184713
598236
212052
567049
681195
46346
-24167
-40673
617071
279063
459525
-800
150736
692587
430545
77037
149238
790739
398758
952049
-85271
600196
-70065
848850
-35761
478123
52091
687905
569540
-5069
10147
49892
334086
203017
517933
873419
156972
875752
575782
121590
196465
84036
309571
191360
942594
166916
599324
-29875
935206
904888
463575
157535
998059
-82530
184742
185892
388698
-48825
-18468
-9701
-61124
-62860
21081
185485
250954
475558
603309
284185
950307
122807
366101
913101
839697
937303
24126
46691
663366
899814
718691
-24235
945811
978411
421377
457072
811638
741683
721274
155503
306401
181893
235705
819074
733839
888545
877667
644500
141364
33340
346627
785890
120559
138947
871580
566973
574778
-47896
967199
118188
424442
668468
60069
882152
47333
-5851
-98377
720145
841603
-38242
696918
4947
882425
53804
227041
515172
126248
327916
2174
707844
395360
-91843
271292
-79088
94478
651456
-56810
368432
516361
489075
921831
378521
174392
485136
259351
533914
52618
599831
-9781
337155
660816
134288
456636
411866
85991
57101
178613
-40038
749088
171199
947121
391045
896522
172742
236467
-36085
527224
674040
856267
437879
821660
859448
983104
21783
318455
820908
377652
699895
109225
10381
439747
203759
906582
570717
501951
825042
381193
23362
975447
380000
988924
98732
501592
-10401
920210
83272
26735
572590
936607
170377
324547
559358
285529
461932
84133
273085
844210
984572
425524
247224
341371
273363
402699
914391
146100
21768
104074
579891
195698
610328
809634
367024
544127
618469
690006
903024
484787
813841
968062
-1071
475052
902998
-81769
779003
656805
404122
693758
77813
563722
-31752
112645
786920
546146
345043
203997
546014
771223
405112
469884
635055
124544
87191
317722
949393
838952
426575
478850
269439
591469
326010
-13326
284168
152003
467316
339652
29307
770782
35608
445629
364284
825021
756877
48648
558028
403219
829962
748002
126062
-71142
731167
923109
487362
982873
545385
-45885
134695
809319
487056
515993
636851
986917
871706
221626
209512
193446
448644
-51484
827184
756912
873241
930644
468469
660392
921532
240390
-92280
210781
307697
340105
311562
601742
86745
972393
638954
282363
610983
378101
60972
535984
214342
57144
18456
298755
600225
707738
-71177
-47062
459767
20089
436373
365763
43925
807167
460486
131420
610947
945589
28632
-4468
83678
341943
518042
376707
937174
491102
883654
659029
380678
492468
833164
259906
200431
718289
931959
-65934
622968
514702
958882
254869
452958
771652
214386
-17210
100960
918465
420104
-59313
24164
328186
306724
712859
217283
608511
765501
547458
137211
619125
-23305
-18340
153033
731552
830208
233637
914953
73791
623083
321357
724755
483478
703467
-60144
605680
701663
6204
134701
889093
441667
807844
55131
224785
220216
755730
971124
211198
492785
681474
530159
51210
545721
975365
-73267
757411
-36109
156693
-86507
601785
896559
801644
498289
335031
431343
409389
138828
50224
431248
250831
-95617
632809
912441
-3982
581927
348761
902182
343221
127864
302317
903733
415807
-85632
956442
334279
2578
752754
718236
541878
193299
638123
595016
349053
351736
397260
960324
498359
446074
146182
-57476
991397
29046
949026
712210
554402
497084
612217
324252
-81212
506826
743199
956195
467955
262295
782042
641421
361815
-50439
359790
449809
-90490
799012
890754
822762
854799
320811
962139
40840
179317
655536
415296
422672
728864
196309
464047
834908
575416
79462
-97070
479190
409047
922863
360419
-35561
283092
544476
341691
928169
694718
262239
189734
588250
667061
878212
159986
173344
805814
636975
956653
777491
904031
290758
793368
263898
95981
569975
769635
887462
681219
-3188
119189
934196
871407
641305
237962
278868
751721
232713
993162
448667
-97359
5308
676641
364067
177621
587785
21522
-68871
977503
792814
977252
902192
55262
203636
554144
666893
44550
419992
787864
609135
464323
87676
557766
239150
544480
366569
568116
849996
260634
236756
571872
60251
500997
704908
66098
141003
906702
228194
148603
719149
128069
883355
400591
80372
108916
464214
256179
451187
937786
367289
215346
353560
185861
761012
418865
670648
702005
571505
33231
196164
369147
366843
2850
453547
-90439
741297
66101
769027
-45337
448923
583233
836245
368700
292436
622905
35441
205347
322751
-6739
353842
155875
168591
363357
245114
-77495
626231
464345
894315
-85465
688383
238638
808661
877542
251964
-12906
881494
416775
567096
979064
182603
834571
625531
418011
400534
19862
749599
440979
502639
206759
368177
164208
773912
372069
829796
30084
19227
118596
741146
321512
239795
937232
197433
418293
403889
-26621
303997
211456
24959
364011
398738
331496
677160
21526
759017
-17805
562368
743979
202943
672482
905696
237641
985792
884212
233244
257265
494560
554985
617227
358334
598302
449656
619528
618684
312531
877418
-37947
250441
632996
185067
495791
741892
256470
-60875
496162
401160
630413
895243
386672
667513
-68187
890830
362614
159787
899091
726755
744080
179764
879892
114577
96421
935348
699657
921746
970000
499738
373853
141983
349310
445931
585188
287846
557405
917294
450639
938160
-84108
685097
652591
107827
729757
936935
124659
366618
-92458
-43128
807179
130561
460338
926185
191753
750866
380462
157930
147895
602432
891636
747915
930931
223079
772460
550347
647111
845778
196388
829704
941429
678437
-3705
477542
-25698
17254
112059
599063
773647
632028
340200
104503
667511
896773
546749
113724
394577
853902
551051
382151
816187
841612
757478
644283
173056
274499
690048
970850
660548
472355
-4210
830343
395915
580348
708574
472082
879969
600491
465590
-17261
687795
774625
10635
203980
526764
968842
764988
765141
834627
535457
471404
918820
155619
689135
392208
9720
488444
740255
583259
791320
268468
-90479
931435
300896
149549
550943
284431
763653
470645
912064
220669
299952
-35159
636545
6044
641379
549731
396746
994474
-13951
-77168
186087
107724
2080
483443
-91405
-18309
746521
655274
213418
991491
669647
-60106
311317
457086
461399
437823
306316
130023
607990
402146
-98827
-44182
191901
548766
274059
190425
929822
217136
146998
628285
219083
314501
691457
197017
754151
935537
260686
730868
757820
473734
163967
-74736
448624
-75980
841953
94339
375448
707157
773125
572623
906372
133656
936077
812191
176847
910950
853528
658640
913608
118614
824769
929745
284367
724168
866567
17458
-76030
985674
493304
379140
307229
685993
587486
45762
693618
91225
862889
133724
344761
896093
505805
526642
-16824
225554
-25382
788715
349911
423950
53717
579245
118724
468982
972421
69003
120352
891027
853868
812620
223916
417820
360215
789949
45572
-65800
-65185
209381
485535
661305
899869
-2395
12473
787830
196844
197518
204753
437545
75611
858705
286231
20343
596143
504780
233845
585006
321606
561652
763354
-48337
935872
733085
311284
272465
16007
560553
800583
-49971
420617
-41405
773742
148462
694508
366749
316891
446742
-5811
619707
637414
-94975
958149
731770
920278
88385
-61852
814808
-90214
-67605
546896
-88861
885927
138394
984998
668006
712726
980112
21623
932984
315900
168387
647223
107406
467936
719578
294135
795893
-5962
998884
716493
765052
159163
859347
860403
147546
663642
968430
979493
346018
768264
-10310
-78229
856824
686374
-36245
53934
545710
668798
362775
843046
609370
256104
857071
687777
29887
162795
-43058
218924
611924
249192
679798
285179
282155
642099
337484
654733
227859
381662
102408
171290
787392
-28782
657314
-57804
927378
787550
845875
869962
551156
732350
812599
723852
235355
112057
791636
166960
221167
799353
140632
301461
122057
959674
776214
269849
665545
624696
261188
810175
835035
467672
736881
253801
982593
906077
966014
274045
380507
798365
791317
133096
124836
156253
770265
422269
507309
681604
374760
932490
737355
626858
545208
481449
427635
965857
423552
44548
277459
527699
136906
48612
705816
578939
-53309
890492
461893
340704
468365
818872
137429
170028
748560
233285
318184
566338
553647
-41772
261427
103870
421757
148783
936345
409744
175189
152811
601303
618471
115214
828720
114642
-61753
244145
-95073
-43249
319618
811388
411493
654919
619464
43850
299301
626706
986476
186261
773681
446043
797416
36821
501454
522162
153532
719714
111924
525138
519807
827807
-76203
657046
241133
826234
-1672
105749
421071
283549
502133
473815
504942
480265
834386
222903
467014
-27442
968482
514302
921457
187987
58951
787637
669648
204792
30543
618598
902338
-56489
299340
345299
789527
989865
234624
-94881
941868
523328
639553
-67754
543132
442613
904176
780360
184915
833953
452541
925890
129258
95058
576574
253664
557931
457831
498409
-14727
361170
804908
406434
564706
931380
793577
364593
944945
192560
49270
979802
968327
184619
562920
618001
323357
-83392
361438
625282
296231
453420
449520
563086
583663
606053
324034
631047
734952
-71100
44669
366405
-10226
664205
570778
11856
872418
702854
767572
549141
174456
522402
221706
-33089
637882
113108
699202
169434
878488
438421
806353
486335
462624
813470
910735
729472
-48946
997099
441973
797927
52730
549934
43280
405861
843736
442613
178193
355270
526746
41422
601215
43097
-22661
349371
209013
689721
670929
414992
486051
809812
406691
984807
386204
284674
521032
-71096
69949
299497
836226
775161
776195
330343
654319
3590
865351
-13427
644232
7787
645431
309073
808387
729697
711333
488783
443598
346970
784378
571691
696050
-73276
86322
122008
224710
-91066
408640
280684
448398
874095
404995
-21931
162602
375771
5735
154343
815893
794501
214531
-29620
591693
894740
398357
796962
-12130
123909
-48016
866665
451248
59490
962095
90050
753819
-73132
332054
36323
238901
794328
-78807
518959
129676
921490
562137
812561
561109
-62118
881006
333046
877507
651827
10640
823539
490708
992681
-60317
374908
575996
850474
393000
55060
677362
443412
375613
-81324
521452
483261
514820
695290
689014
924149
-67205
128738
837557
289243
23724
501288
325440
575692
963664
873208
847171
724664
910312
574280
-86327
354584
673103
474866
209477
522465
394023
32749
292345
721924
523687
343867
762809
828245
882279
836219
734275
336340
323701
-75855
296219
-37001
995625
-44526
931259
-61451
898594
350504
57761
608451
180376
381117
6877
336026
203526
425908
814778
994778
59588
803544
540559
848444
464314
263526
242336
-87318
7590
-21853
742713
499424
224516
1082
-56272
62745
904606
76767
213915
-3924
821340
-81477
333199
459070
392360
351631
895975
264107
625870
405645
402002
42965
621325
406586
167145
815635
261021
17798
-76600
921680
524594
-39374
776075
-63848
347294
841736
68495
988018
60475
93435
497793
97431
-44185
887217
807117
95296
722954
34123
-49350
767402
567917
902371
39085
789394
626705
211342
672123
619235
104013
793857
62249
357663
649930
852220
468731
662857
206479
571418
124152
301265
54100
506483
280551
385525
750009
885762
-75033
585798
606926
954713
441814
658122
847892
653013
995227
823657
739799
861864
858083
456550
952805
318004
-84279
951465
856555
90808
294876
628410
853510
536156
850539
195220
673461
360921
-82331
-40349
151094
545140
133793
210206
280224
190049
729424
18941
598512
912074
721005
969972
625599
864433
382072
327601
350997
83136
959625
419658
852361
746271
606442
408663
983622
85828
226333
219317
286778
919072
902065
458448
68032
327880
310047
893089
96962
632902
425507
667612
82177
917606
628299
777248
-17931
733118
697560
461781
123761
347187
24225
323039
657409
853465
237076
298215
467962
983906
570982
49244
382883
891929
64621
782943
13034
369313
730118
520723
708291
283535
611818
421666
535145
695626
667252
300858
872663
218240
895657
903982
68639
505480
489010
272995
654255
-27161
490279
24937
433608
431778
760185
118937
393700
747221
497231
238153
33742
968379
931294
318545
683238
801057
861012
90340
515049
996684
340520
944005
501928
107381
231500
402528
-29912
325616
873426
799487
500248
826817
471272
277493
167166
982863
729338
688886
756147
-21780
482941
135870
8133
301071
490774
117566
678932
422353
823515
453754
178875
206211
79117
212715
501981
664504
-92208
337434
288097
112292
435008
371514
1622
636132
608037
489366
487849
323537
19175
782140
-33001
330111
840671
705679
665886
234312
334404
916850
212224
269437
420954
409867
257515
799899
968731
-2589
700164
147650
134503
919263
391129
427299
805421
577614
655528
-56382
321599
869766
425730
-7847
124859
388491
334729
719882
108538
-33325
460922
513102
871225
683340
185286
567262
51163
194920
69586
527443
953699
879693
160654
516470
942615
880819
700696
383790
734498
157105
-68682
725836
995327
419672
735105
726546
150241
696492
676558
190069
43769
483343
757148
391621
-44055
139945
978395
92958
961838
109544
267529
796158
236835
-5587
521941
459293
967354
937802
-67026
303947
960701
498089
-15184
504425
621166
643373
178572
922823
-1787
930151
99628
346940
299068
692096
-57471
19118
936088
-93582
530695
476167
-91110
653681
909990
726927
500997
931610
6628
930772
991700
667042
469386
233935
-62364
210049
862316
502176
996055
426764
836467
925172
585846
913271
115566
246603
782706
-52487
662731
346077
912432
177581
459986
511047
704830
445357
79313
6857
631567
631276
-2396
560597
332041
565398
747938
355116
754871
750275
635670
676294
520359
27328
535698
69575
31780
927685
489433
197917
676060
785061
170588
574087
585580
923170
597778
650517
631742
-93377
153777
761079
878555
375247
661851
718499
-69125
403141
684230
355240
441054
862182
383813
320632
852059
570765
42454
446823
714084
228611
459330
514207
169963
44950
372973
644570
-62892
850922
116667
939103
207547
569378
80792
32956
301306
494725
553426
89084
544853
125662
531527
709700
318952
280998
152816
504651
383027
161079
19549
745550
169764
-98676
988730
928566
258476
929391
877822
992262
499056
910734
975284
610344
394090
484812
668550
625146
289069
471063
-1697
577920
883876
885666
419785
502270
952319
-49633
951233
831663
504439
162357
-52647
79977
518842
501381
68230
469812
973763
251594
201431
-68613
-91589
646796
684030
605995
654596
686502
83221
716474
316259
668939
816943
109466
162517
318056
94463
-73360
712310
702833
-45699
19839
550863
995507
391642
279929
733153
946357
902150
805856
261277
624891
503011
-28743
775853
-22907
987196
8289
641172
233433
3625
427030
793077
557197
-97123
980951
331091
-79334
245134
970601
494583
333395
946190
816175
680866
536010
735660
348697
370150
-12818
661615
289013
363553
978509
336908
971803
683727
258861
-26780
407130
564228
-73820
511483
-26628
698345
-39384
610581
259827
695498
79502
511744
716637
925458
14804
-89259
477321
677332
673535
62367
810424
15192
141229
557794
913509
320574
556121
978938
389631
223604
728285
896240
46835
940151
775701
152801
-18037
405084
40140
278722
186021
51517
206654
3536
774571
-4298
413037
420424
752563
229195
536435
497839
871854
784517
-42037
86188
831698
337690
475595
477302
919564
700443
654070
591036
485100
-82602
136065
645702
595195
241069
-41650
61792
83296
132327
-65183
745299
475427
858558
866172
263847
759401
141361
592675
-87294
791291
126249
948218
147098
697646
477818
826856
-58282
932126
52060
945578
86962
826491
882563
502579
272133
956667
699488
767035
45118
185636
424735
132202
32494
294498
739084
26079
263584
-64829
62792
860664
487598
486668
-38023
-8633
722064
366369
907358
45127
903853
914559
898016
374457
103657
495325
560728
774396
774679
29607
73773
501475
489143
771902
446585
716016
295010
-85459
102778
206254
116757
688486
677296
652097
522438
881336
-94538
53145
31934
603546
218173
601773
640451
15472
113891
-31852
-59348
428396
669256
27285
782577
523152
423060
373890
-16058
349304
641982
369134
66075
427188
241104
137413
113807
579403
555477
-16633
560442
830556
735300
292582
919624
227129
488649
274843
356881
992118
150367
640142
327389
326647
750707
370698
354645
973957
772385
545479
826172
420475
-98302
458847
537477
-72084
424030
204758
100539
451260
644886
488369
382522
936824
87919
-31083
470329
-51679
883365
947590
549164
751131
7328
503745
537179
71480
490612
756127
589972
748840
871851
885713
363725
-14093
570245
892337
609722
199359
607562
318280
308938
22613
26373
112595
-24663
393047
113569
905869
-43001
128635
315833
751333
302396
-21625
976706
499696
-25068
418570
602022
843079
57345
113759
36738
939519
912600
-78854
584615
985728
317147
241910
920497
673212
420443
541417
650805
133904
865928
34476
508097
-19698
-22845
-37350
556377
941706
469670
379378
818013
736155
323462
646873
199407
988761
267528
924544
194777
-21207
27880
842760
75346
137337
753845
312334
244670
125016
949746
658381
-58288
215729
-1286
417610
-39818
333122
113781
32800
846224
-82715
114976
431839
241661
24875
864550
900859
490154
760201
416793
706322
-43022
695936
378203
356301
893642
254759
461810
168255
860975
977823
195795
298706
898798
412021
208659
697127
650569
448282
202686
722145
711103
793385
195569
309253
115322
297460
353790
497721
757378
861513
291736
532805
946823
763076
425894
936890
816946
373054
518652
988070
120775
872734
880760
843354
120045
113737
297803
989610
727148
-31778
-48544
227837
561449
55771
886524
446086
891984
441270
797185
927664
64876
209892
163230
757834
129688
485391
115685
308472
143153
696855
107334
668858
71241
-31892
47852
852525
629470
181812
387163
235279
297545
541464
652749
581058
136780
128754
179239
950220
956442
178962
938053
946532
713099
172494
244268
612065
363923
626130
447716
922377
103144
622509
-33039
82198
785574
329990
468032
85944
13388
579883
-76767
-58931
194958
793043
746608
549325
659595
554747
985523
355197
948127
499284
604370
283283
851812
31452
520341
47314
85726
179190
850048
833523
557345
709783
802851
964217
465097
18320
110891
260274
167111
226855
900804
370804
857543
205989
794906
563361
707364
823379
748144
-22358
640087
649097
984758
710936
443388
316832
322957
123285
925798
287335
97856
819902
96115
899887
148389
185828
751142
436848
70147
105611
256572
33989
136464
965178
102249
356463
884743
831521
942129
131293
935379
638268
823896
3524
705627
652091
494880
954472
392700
434145
-92655
-46063
986656
396169
-78968
505634
310267
582836
511622
84725
165981
20299
641797
789162
535649
460471
672485
144923
455561
992348
72090
500202
292742
384357
493951
194827
498570
280417
506893
683636
481230
18641
632974
23395
204461
73915
957212
841230
899961
-4404
937091
6095
561462
926810
156744
921577
952309
186163
853547
998609
660559
855359
803934
76697
206339
507848
968821
726794
178317
526206
390749
119041
63512
524711
92794
208316
777382
95196
785782
251044
-70036
709795
92587
-84679
110201
424986
857568
636458
297359
926123
470872
534899
523008
402897
-1947
303737
410933
-87903
442663
727904
538306
843012
827277
94359
93204
341015
611145
528439
103505
753471
60483
276680
19339
759504
502439
785014
-43348
53454
870134
606500
49251
294158
913034
978193
225584
958248
499633
946216
226532
1163
283588
820888
306339
483930
84836
397510
201517
534882
39838
589445
669794
-55183
482259
164798
638838
258143
395727
-52680
-26180
989979
636053
186362
941915
426141
589459
-98715
330214
374821
116618
489177
167107
907465
731528
-98672
958579
719969
830740
865821
737274
196336
812806
208005
464144
135193
-98460
891537
512773
586667
405256
256723
198687
532212
630367
94941
94320
601293
515809
-80473
11260
865572
50849
319176
679782
-73310
556568
259988
108284
745833
223356
243646
448254
149901
498932
190387
383050
547266
158983
583427
118188
82445
232738
672025
-71884
177208
813097
548164
717058
603771
593353
95065
695408
842128
84478
980637
64207
873808
-72316
563973
900383
83379
970196
493380
183541
139230
-31068
659209
991702
931045
301016
646940
195480
851931
748996
71801
738233
-26416
315968
500031
557245
267070
52375
835565
94717
-19055
391027
911159
540487
182697
993084
730565
-88698
346658
14868
401629
-47456
-11911
544592
251975
866147
11146
922170
841377
876060
203757
639163
497251
77604
602725
782888
958281
252948
836523
221815
861314
830191
978956
304836
-49263
222287
-74922
718778
309320
811556
996182
233357
154577
-54281
862773
193636
503735
-83718
14239
-12846
84411
89451
487565
296320
675638
549260
393289
729858
335899
253987
-15047
711213
-15517
859219
51892
367222
136307
995687
501400
582573
972334
929176
368735
850977
521861
908182
770207
554574
161305
210837
419646
51265
832726
63948
982892
289156
740023
429032
126154
596219
703991
233727
109853
-91953
400719
32
-61153
900020
931862
612933
995550
193387
493869
842384
635410
853710
536655
778243
421905
353521
973624
67462
601207
746991
304772
625150
306735
924385
968660
268126
17442
946129
-88317
549419
740939
236995
505702
368828
405938
316033
466771
933360
200139
324111
796449
728843
967355
330000
725225
68770
306000
547818
560364
7052
474870
828924
752041
123690
553794
-86377
851255
411907
238067
-10471
35827
-88799
717233
748293
68130
621984
276994
772347
392986
406937
317270
839980
648655
-92865
433953
392686
607105
167431
340776
770152
954215
791292
186256
720966
286367
199005
408476
470203
877465
959530
-21180
180538
-76611
415522
763056
-51856
876160
-89441
609160
405740
38640
881897
342523
666747
-86090
575650
472192
428301
680508
-59307
833735
420004
346652
431420
904487
24867
17429
486334
516280
695811
97202
993762
718822
433478
187665
171631
182353
509720
-34314
971138
347646
615182
-82112
616129
304668
352854
520112
623838
346588
-59122
957218
27075
393782
645695
536123
879183
466703
918470
-93405
11205
630803
643442
699738
681082
-53406
517471
784339
-71270
571653
468863
224977
-3666
191735
341385
526595
758102
14021
548648
404567
115249
989741
357113
379265
90565
340067
61910
682192
396199
867927
818702
842011
924450
114782
812331
435120
655291
709665
982396
921738
660956
229972
566890
309869
458407
62350
436067
-66090
-21420
996623
912261
2151
700366
348420
751292
592141
657456
308048
11338
380302
611023
-55254
612808
89616
839263
251966
437428
984664
-60567
595692
671788
885631
661369
953077
924220
627850
978049
-42510
706374
202501
919843
309166
-17034
335042
535630
794228
268684
612185
65010
-68772
813284
680750
792422
153809
759007
-77069
451502
240798
291098
586739
251279
500391
749075
546015
163262
417094
-68001
-72840
698230
387742
651424
94670
842773
913582
27484
-4835
910576
184402
837578
817684
264221
276088
553296
428584
173790
473933
765176
452169
355712
896647
550007
621784
175704
68792
276587
927143
674693
104803
328305
214091
95536
524874
145850
205076
519186
459056
855983
327179
26375
607967
850565
358107
705793
697175
793885
920491
85095
577806
-30333
600389
9343
564501
856066
454061
397783
369562
806190
784292
-70574
163215
-72303
209430
237965
710759
-71437
776871
652880
426135
439082
174420
942161
749836
501911
717184
485944
321740
961866
478832
-6151
131391
382369
475176
93425
592452
667041
274598
771420
-8278
20293
939533
787950
954996
429731
534579
173806
386399
327456
702697
280554
221007
12558
759983
313803
508138
701126
78197
998048
-24971
206309
318489
109819
944066
698023
210568
-14382
580290
542414
-37998
505156
527188
-41394
290205
704214
71100
585924
930285
655350
954326
564662
10635
996510
265723
-72203
923348
73857
413717
836759
566533
-82806
301172
834901
858482
428231
-30079
856860
891331
-2043
952756
-82813
512492
-67974
791024
165623
747387
583816
194420
795070
197148
675349
424601
722082
634759
67132
715100
28281
-93958
749529
394111
643829
164608
452104
513803
737225
407957
54486
328303
946603
569197
51578
917591
155892
180777
215008
850426
128893
302540
427898
276406
137528
24831
940082
627565
885291
961775
986729
589317
97523
471573
723701
267700
489198
219166
607038
524358
864032
278480
650537
-32640
68176
534105
118242
988710
8763
383655
144269
885881
853149
9074
966794
564514
596942
977863
413010
760944
193592
885294
300376
840569
738521
967992
559780
423862
137528
990912
998331
229414
32526
-82351
-91210
875547
717770
905135
19688
78109
368660
-73631
646903
355726
490354
53811
184658
991796
-79562
208041
335167
512794
9152
364309
256294
46362
903294
984989
649328
-76443
930521
-27634
695932
-34959
742294
396003
137238
89102
407403
78305
534482
460327
321475
659729
530639
425872
462081
279927
839519
238277
638160
883553
564039
615082
543929
115594
268910
464902
980100
324821
559598
79854
716421
365086
635775
41900
799937
199875
639745
452962
398730
298672
349215
500040
697710
514461
66952
818458
902453
978549
-26234
749768
348228
89302
271883
131437
51789
308284
558009
727437
718872
-13865
111459
974722
817553
769482
86536
257106
694811
537368
759692
206128
911018
570649
527761
785076
893138
499416
67931
-90178
829460
330079
352251
740867
497073
665343
376855
425763
125500
545253
336867
421088
649622
403545
513870
810509
677738
-38434
884461
932223
154246
662876
937808
433514
193692
305459
-47880
141741
279919
345271
621109
559935
857256
643442
774118
985609
122449
774935
320870
118205
946395
554725
293063
161776
720908
-31977
892087
480064
8868
167681
233013
195611
857426
466843
-46646
394836
-51637
665017
392131
339522
945273
997111
602295
709195
785897
486493
790311
840273
741036
291828
333198
495595
201782
261299
880974
793075
9608
644761
413588
336740
-54889
-24134
712387
541366
115383
549349
951868
-94668
-48288
703813
-36698
-11836
882922
935199
73701
90987
250133
801677
355945
168532
999863
38441
356090
917021
280234
570838
-34800
275314
250725
198633
785701
680050
457462
99607
988367
47169
402319
504694
732001
493510
641010
384804
274262
266695
-79795
73883
829716
345653
935919
813158
790594
339485
122698
-74082
-68518
-38939
995195
891582
565995
902030
617207
824287
622952
574866
193017
17000
168561
-44241
773040
398826
569084
44969
406125
67781
790708
458612
-56217
491037
107846
700881
-68567
64569
177351
519249
65304
295825
414629
560994
47840
-35425
546095
306014
652636
165092
836774
119870
117505
170755
388351
81183
924568
909631
75625
554642
278492
-22152
-30213
958
675163
49546
15785
160288
374095
227478
390892
926702
915519
263535
-58035
747800
334363
43268
537663
-25488
987981
-51721
595074
259067
86592
473656
284323
91589
357436
418978
854767
123958
794576
451097
732671
573403
361224
103543
160725
133885
-57276
686413
681728
949447
-7392
52162
971628
-39146
19194
13083
852201
422383
4371
118261
838856
844952
473133
189992
343041
416319
468210
209055
299245
272810
275046
526722
541143
800708
818862
110531
-42847
669669
782731
655617
-39560
-87768
-79910
828897
54694
782740
661672
-44553
141020
164161
-64223
21737
678009
543251
120390
137817
579218
45157
932229
327733
409160
-16306
138443
470726
-97967
516648
198319
856218
197229
-87592
784488
-68933
296748
108326
956312
190418
470984
259606
906955
937369
693968
875299
830111
980066
829313
175529
412380
814030
449632
925938
88951
-35307
566005
194641
799519
-97228
639669
926977
700508
939009
565576
428791
91357
984719
138467
789591
906506
983068
823973
201856
178918
269876
222042
410486
415165
619246
849358
21957
678427
775164
294891
730205
331901
886020
220711
268682
960800
372878
313683
-68441
814318
588180
-38008
475648
100367
468808
679433
47876
618868
648944
850196
125633
761296
122012
543366
83430
185296
217293
840869
522032
594622
89281
613508
-36874
250995
96503
437675
688050
990721
129371
567135
637319
605283
759807
859180
991501
776849
603679
625141
406960
905633
498484
237756
909582
929549
444622
681072
-44742
-56382
12996
29261
595939
296904
267446
501645
498549
881003
478814
323791
931039
111697
-92696
831620
459894
863687
951324
772199
549015
847885
587588
378351
379002
837014
252007
348983
371579
870651
924366
858235
588016
616404
69938
990918
720258
13775
476898
344123
45002
-17616
167534
880675
918520
54841
469854
866908
321987
764565
867911
73051
959164
662107
231482
682074
653346
209227
380747
916741
605731
407282
193470
473653
450852
966624
973112
157749
937732
45278
548666
602989
468068
317253
94371
130042
223087
-94885
531329
226766
-74877
61644
905323
369040
949828
136710
804534
251124
420984
691671
517259
327808
834674
594832
417915
856283
176248
266983
-20683
-801
599003
766848
351504
593921
674804
898375
393402
822919
235295
496220
613052
351299
281570
650227
988269
12186
720846
212029
322118
843073
-48473
323645
728823
153480
722174
725053
53275
561069
217058
269542
256273
879207
931361
-79681
202808
982208
632272
607239
756718
816745
204242
646860
315323
301750
293488
632298
127419
487294
-92336
935087
346059
30983
909344
251643
236686
128389
490535
167347
571385
966653
719339
844661
586875
740323
729345
506239
857539
48036
437764
304251
714851
298508
970737
-17193
192101
692122
70229
-20346
224785
-39956
589625
738757
-1064
-92794
125037
702808
2541
727213
30085
-26595
719008
54382
-29839
973073
669392
522200
354657
68979
335235
-61458
359279
597201
336901
655318
507640
812748
852027
726760
975538
931252
925329
680798
390097
757297
94669
806631
856065
368717
270959
-84500
237088
774570
813873
347206
295321
370828
-51489
464633
110859
100850
58233
557028
373003
846039
318578
800838
-79639
924853
860981
900344
343443
306490
-79401
916185
608181
586376
647351
83353
472908
-21831
365749
507694
96901
13804
271224
541263
42462
188608
598386
-84458
712834
171817
170815
26694
922684
5768
558812
768394
72979
521755
340297
37352
796807
620779
547726
812865
400746
479967
506954
527792
42672
869797
107867
121150
130897
887420
821559
-88605
66839
737760
-23814
957106
425789
132063
885211
-32565
-58128
382322
170979
995391
802111
728815
883902
566337
-61265
922120
827077
898305
481968
379001
61862
234286
428883
525815
765165
-77721
184152
399540
671631
-33319
345332
301169
806182
401949
526408
586109
58516
170432
401072
282428
618301
823852
751343
937093
957237
979600
630151
623680
772446
110564
733762
284023
958561
350072
60422
802097
391693
437935
119325
666421
277716
421853
820715
138775
595211
28882
576466
259439
321779
375493
174444
83357
2082
709053
336680
305529
614252
-73725
739422
816008
815006
-88515
720309
993491
297965
132696
141068
553861
789289
65001
797777
-60596
428864
568321
80286
338517
883955
387859
672058
135720
357660
424015
908254
674761
930069
158411
350828
304454
146821
172077
470696
926943
976785
389394
607367
338081
626296
-69233
978952
143982
762167
-2274
578831
15578
191717
828145
147476
364289
594615
726332
503413
34805
190327
376351
224793
-10614
57471
699446
898526
154256
49227
507103
770377
868759
990354
590572
403176
775962
1961
374346
-98585
341574
429712
-47385
997700
721915
18287
377319
948056
749444
717736
982154
342815
646990
-14851
60257
992374
455484
303852
687413
796919
877731
860344
111763
367494
374702
651503
456851
434918
428378
-54326
508955
337284
922693
531437
853047
78930
41148
-28032
73859
258340
42758
640784
523986
106358
603362
-41987
631669
685095
5434
816633
245652
128624
26514
414484
57035
190010
860982
865154
-85699
767354
647630
319920
943409
-89253
997270
707637
691298
476556
231336
844996
408412
621569
711584
458679
981836
996809
876873
177311
822076
-57524
156017
63514
754217
838296
294780
532198
184260
181082
68777
849354
-9972
548474
739033
684090
477582
968545
612272
974220
274551
115589
953943
162910
889213
467691
471543
836872
782147
290643
747552
594128
929477
48803
894611
883209
28053
762665
695915
818630
535746
677231
60421
313883
139877
687117
853970
323471
453479
375973
370419
195051
694067
799816
447376
358320
784375
727052
838992
73999
8957
608551
409406
124937
627609
114578
502148
64653
327992
201826
870952
812549
736555
941972
831607
849720
564049
231630
557282
628969
907728
180461
-77579
690462
928128
210762
411142
945947
657763
945950
381385
189488
216078
170972
313674
656725
514533
843565
218535
54708
527461
67884
97836
533800
638769
798549
448253
651260
397560
-56082
498634
286141
172004
523108
205972
860605
168199
774848
933823
-92635
718365
677851
554897
39939
-74060
801171
266255
924459
57376
578772
933209
807143
261927
824757
113503
104814
148011
883477
621063
976891
33169
918017
776176
584180
790508
706625
15976
936789
165314
895210
796344
504947
904561
436288
-34204
632655
973774
446686
974285
187884
640384
846166
511737
11360
925060
551377
860884
51700
53966
-97558
705913
679791
-67073
67942
30561
327127
480137
491538
120473
328437
951767
167069
40635
986138
761781
783974
295136
463347
2955
261549
533189
651097
854516
644959
882147
867973
66318
251327
570755
229318
144522
132047
658261
-87003
299489
740901
622831
422431
188269
344690
453279
-25957
288319
847415
-84968
641650
310184
557512
376893
648900
339736
246190
651568
406424
202665
269668
927431
161884
563173
441894
66441
141133
104575
289945
661779
691840
842172
804119
325392
486909
366262
605620
186710
817974
450382
840192
81311
71580
961526
412885
381967
502852
957414
765859
991187
229814
429438
-54158
167299
690659
426366
836108
815234
218928
70521
-37850
859092
411669
762940
-66319
236493
540267
65705
59858
795124
-2710
182737
47282
-48999
854176
471335
561240
693325
242433
-21394
-59592
763578
96371
335424
572027
830538
2774
193579
91877
98714
-12357
752866
236081
211988
61428
12730
90512
-99893
918449
66557
645749
445136
588089
-68630
727431
705916
653590
727052
360172
797864
284002
618037
-10802
956051
133975
-80623
75721
146705
38493
228673
685213
697494
772409
739944
94756
32603
82246
944683
230967
598233
97654
298613
899444
843390
104128
276595
660105
416769
935087
630615
87992
118037
889326
267309
706375
872275
31839
73630
601346
236049
301652
-13696
382108
66877
156968
54792
797887
585162
242570
241105
852373
308459
-53380
522228
789477
395306
51706
327311
847407
18823
870701
805945
153789
457350
925598
117012
813303
872141
563499
398941
649151
788741
732005
64278
456401
-75988
682456
773754
69388
230117
690981
151132
685828
569021
942571
-81810
95489
738736
72590
-12468
826019
386687
956151
352453
384546
461610
73901
-10840
554772
388862
726415
297660
-27725
984451
405859
769337
653503
686174
954862
843760
659053
728147
246476
884233
917865
464346
578476
31923
647429
531067
638205
130949
580229
351480
462724
729832
868101
845080
342553
-75454
576609
350456
-33535
410292
966349
80394
112874
856652
654251
810981
406827
868128
590875
604535
29353
485645
567415
349339
313840
602512
625819
529090
507372
475495
607854
593696
522290
732514
618191
661676
697394
701817
-74452
-36942
853801
-35264
81910
188943
81763
853546
323801
743974
887308
495673
639536
-16846
227800
-153
33849
689775
285725
51172
827231
735731
150768
475917
993580
-28663
393596
532257
224037
114761
-53404
95780
325549
248517
576070
931404
344061
788111
364747
13877
-67259
696340
475011
324325
106725
968373
626833
535975
840250
482714
883282
460243
758439
560400
657700
129349
363579
112058
336732
365741
328306
-45422
254013
827901
605750
473746
274479
886908
-5492
125288
322257
-69274
289742
3094
495377
547389
739154
324466
253448
710498
284089
376477
914155
146945
-56856
-33570
406092
-75803
859024
497876
186267
336617
-9086
961670
561328
315237
325562
647722
21454
855337
281954
566222
814044
362947
189791
471748
456612
445279
321898
736824
981128
350472
824255
387719
745087
870822
130761
-37817
254127
277619
347693
483242
872272
266009
823250
500602
934270
999353
584192
453396
707886
510109
270078
203098
433308
428390
250421
18678
983137
97061
334776
-94764
944462
559715
878424
92090
323943
969382
454689
452980
952718
-43766
19484
621830
708581
379981
484619
-36680
425350
278941
658749
42130
910697
298389
594933
556336
747550
829178
-80483
471656
635397
386622
-18474
203233
982450
29404
662537
-21187
282050
927957
611870
571205
505707
265976
785053
347981
982507
756298
7594
74505
3519
422702
167846
991714
937524
154200
74042
29734
819286
-60066
78491
-82875
355707
249083
853736
839851
443423
293843
543019
339292
625959
407988
736905
696237
152272
863502
156772
54373
592412
55467
210460
934919
853080
298831
783472
862878
800542
608343
788021
288519
989799
357576
885285
753116
608711
196974
256403
-83251
153174
372191
326537
447731
254447
-31699
98567
-69710
356285
-31778
846880
13172
389768
245737
445662
955632
521798
617537
26911
540838
268786
166924
406978
860214
509238
862074
542129
-59659
91605
-3218
79711
582941
904127
572514
-19052
827314
-17525
272390
137956
498383
-69783
191185
346877
-50844
187748
122940
655648
326372
790156
633264
479256
178443
743680
319594
213985
731418
966378
779743
470420
-21861
-88975
-10460
356097
900516
-43341
-65493
648210
472173
453294
-91017
593262
775045
-32738
80168
-21986
555360
861013
911151
628072
651190
649387
997363
257574
762508
750250
671493
227562
481769
992602
742440
529675
400718
39658
676954
-89194
254750
624033
-34541
239189
-23323
-6346
610826
530862
798042
1799
-95187
842391
968730
291179
225108
599361
378558
175006
273084
254681
39752
491157
423395
-50092
653196
434816
931895
890531
270440
592410
128992
362698
218072
832549
434868
89937
-87584
186277
756576
726549
154199
81947
401756
484665
351091
99877
885342
3477
354331
334787
770742
196780
199560
256972
420982
-23300
961046
544251
700933
630193
593960
902981
761209
15603
794786
670062
224644
350999
565203
977604
861057
449843
180423
135612
290905
539867
809337
775671
385754
-1963
334197
781273
166001
-23520
566851
357535
502250
145362
856304
101679
423547
927835
-57361
584869
117409
214606
263377
401983
958699
581589
965857
872767
562724
164849
904183
814973
673855
385563
813257
504368
-57555
734791
590496
444425
377820
251089
444985
456817
450940
408225
103875
801709
-36988
-91176
296307
463673
-87813
821874
-96202
564834
79463
937661
988020
203740
158040
523567
-71395
404794
984098
126053
646334
286355
607749
498325
403952
429400
952217
387477
620921
39922
688109
-85956
895312
551654
483940
881146
300547
473725
177738
-91328
265041
827284
648837
759514
767875
877625
72879
503534
224605
930617
641260
868591
479824
888780
115151
559447
614791
686440
-95048
895202
-28060
1246
520482
52395
831326
974875
6773
973268
426750
245016
534310
520415
292058
753146
900106
651646
768654
138555
-99810
311419
928891
151270
863470
769722
480324
756061
-87718
-67972
844062
618953
-70144
867587
-94569
892398
595256
800745
530025
930988
248709
512923
977925
517370
216548
336138
605637
70050
479787
380967
965447
156055
170012
76049
572620
752629
756708
715720
250458
442682
956798
312370
563332
325424
552358
71449
681695
189998
131339
196499
-78213
-68726
663488
767265
714139
771494
891798
262395
523974
693199
306763
260567
-63905
832448
907706
196906
103410
547154
-79048
281412
-96242
691755
126395
207156
304665
293299
-45800
976501
211107
511032
37469
358831
639207
221703
504544
-25529
150785
30660
340159
120657
248801
527369
126646
334981
748964
997579
963418
388162
46677
267818
801147
367062
-66468
677815
411672
309034
352976
229100
23231
-47709
203557
158817
686883
835419
188709
818306
208835
421553
218302
691459
504235
434880
158386
690253
688923
428018
205610
610979
774129
276958
521386
313100
428613
367825
717199
187430
564096
77974
283980
713262
-26162
117465
866249
849568
957942
269214
515981
942125
850780
465534
-97060
678971
677184
754615
755292
851831
-29301
894792
-60508
582552
420718
540505
720498
925071
231073
90528
833137
438245
370761
109262
169161
175215
781259
519234
271545
313514
-21135
873870
-97688
625374
311837
904862
-76125
-21314
601801
378154
-82608
631544
66783
-92370
265360
367834
313573
774857
152751
508211
174744
594775
91048
850617
162669
32681
434796
34812
9501
311868
615595
691189
315848
-88190
-97519
521156
790492
75474
702786
324472
432361
122467
151376
327088
714733
713508
498009
-45747
542778
239040
10309
499577
-47586
-40495
271465
465135
348341
232936
376218
429686
254741
582897
423634
911827
5206
600481
427358
983641
592478
580504
116971
694469
692835
-8065
319561
744279
638535
879732
967170
275634
127875
-61631
-41632
-90150
29926
566795
395156
190315
348431
620390
634679
96139
165465
71280
794518
761309
96046
-6841
969620
-8779
186920
937793
6481
22829
354720
59273
979534
-67628
176677
74863
47487
30263
701498
790040
416807
676417
176152
922576
34688
325516
173598
958965
556785
610928
641300
78813
487391
696116
847666
232746
-57347
323000
320113
119807
789156
525627
463332
830501
209963
389327
245135
851415
783873
537757
-90886
551815
412513
466840
8481
466356
617207
323616
315221
677307
759617
209725
95656
744378
670358
245637
511160
-19228
743175
982812
221593
598046
524918
747843
312241
596535
446037
432896
315960
455878
633427
745044
810104
269499
457442
-39209
319479
-45069
356588
870351
-89655
70100
900780
892442
469863
512079
182867
837568
966999
482188
16523
617945
-18508
72314
557756
-92229
560569
873131
690292
30354
735903
986520
477206
620381
834558
44744
139981
424906
505470
497642
110515
274276
676546
275687
229967
-18919
892632
952698
173810
835550
646940
386563
691314
117217
657400
660206
551169
962738
333958
72099
26209
507270
828088
931421
551381
720088
733642
457644
892818
97328
192741
171400
-40951
238452
475174
962432
-37578
892022
227211
102380
10413
592662
252532
863600
281573
851565
557567
975160
804727
392639
932085
854641
192343
598651
614458
386172
757865
661540
437536
552720
207425
678927
465690
280300
359697
12335
977989
656599
100706
435508
223527
678380
565549
-99827
551513
240691
361623
-97909
208382
765325
452443
384960
110806
146812
69363
997868
271188
398167
728756
948158
-94023
396668
436004
651062
684213
773463
-6703
251372
685543
245767
401234
320817
647320
381139
-77312
93379
920782
535576
-29328
236231
823429
811311
451986
922730
462357
538132
781236
209490
629990
681064
45924
354686
489422
353449
726045
869095
52782
46987
534126
679147
267008
609564
119009
256778
128161
209426
131658
316202
-90043
810928
686248
222772
32364
653695
992195
-85306
20181
-35756
113264
790355
153519
69823
931511
242164
154386
723456
845845
597994
-44629
556854
34728
280038
940543
304734
200655
-91023
525539
343902
195605
369425
233861
555190
146874
291204
713973
700581
976199
537844
762221
906255
427943
26377
897727
343970
813276
300913
898698
979713
187980
411369
325042
72051
151502
763310
559233
475627
232121
699423
270431
-89265
995088
630361
-28318
735138
275182
-90500
817989
278646
118160
101863
197098
401412
119065
436522
811078
396532
704568
562135
396650
945167
68385
949716
200766
666165
297103
549850
506139
138229
988921
494978
378769
-91034
254174
375141
798343
914855
31703
-5069
620264
725952
658615
895970
698458
756828
348355
317167
514329
397400
396057
-74119
617747
877345
756435
534546
529569
927146
340887
611697
903260
608265
114891
831515
839441
606005
63868
349905
513626
-96719
35895
449286
615828
938220
675990
974596
352068
686415
516603
882233
711893
617441
168556
129287
813279
977226
104846
-78593
258344
48530
625367
219260
323110
331864
927366
272747
315153
773260
734603
575022
333579
936879
941135
202683
-65382
-98061
660046
9092
777843
193235
251728
-39496
391973
218394
688384
583120
907150
511168
769551
515467
84298
139480
320969
216616
882442
427596
-4675
661130
332053
956164
393494
-42785
581319
295549
746978
664989
-94874
-72324
322351
816262
44460
328761
460606
789346
379971
275155
879835
742812
394355
-9858
588219
376009
294691
794156
676967
669298
-93490
322792
936124
981793
60562
607879
-14758
940210
778948
457233
346547
-11275
196065
160931
984767
656561
527920
-44508
438416
386876
651055
293415
864372
734725
615128
367088
332927
265855
572054
197711
853290
314828
339453
392592
-92290
54836
832050
229371
368049
204055
175148
120145
-18918
798695
500552
932969
685430
49899
638653
543825
695077
915284
976371
367222
-14582
611172
348255
-37876
743495
278875
959770
426883
109555
676496
125765
299145
486422
326510
11354
790022
-52950
281246
179121
-91949
535435
137907
1004
80454
381573
515633
936262
839613
660589
777457
394019
691602
262967
-71569
-24636
184679
105515
-17849
324870
-67666
234305
19569
964328
810652
118720
744641
177812
186628
-61399
233163
-9272
503543
312481
102173
-3861
492517
866597
-9110
498357
278205
42116
880343
76503
47438
240862
-84265
774969
-3086
157282
107807
349650
609126
189911
183968
323041
442475
433787
951623
308624
75226
168163
-14901
98124
32441
847822
157337
768290
802347
29269
194880
-69177
258493
318831
995867
255929
-79183
11870
157891
245759
248099
439350
319679
977511
972609
469206
743238
761391
-2954
932
645716
948430
608364
727435
84159
527551
936287
652586
19187
222516
284962
29936
248238
728415
94381
381124
874468
485426
880710
645660
669115
175118
690380
389730
570593
168120
655133
266430
275862
120650
226609
998760
-73062
636520
812660
330969
709756
-61373
820222
33145
160061
209203
294581
163722
962093
67257
121333
289533
8883
756854
361664
727838
232906
592391
670252
174609
322209
500803
588176
706226
527610
666995
124043
733017
114175
206793
11394
815746
307179
984453
482619
88601
966046
607412
101145
539607
628155
-52180
818770
710808
477426
353380
134497
-26322
140280
361546
952220
810740
932475
86025
210241
984801
481668
923457
691335
343119
-64674
721818
-83632
206047
708910
613936
612233
-96423
587349
636541
-8616
-84873
690928
794954
336319
579253
183268
454558
300424
106767
789306
149855
426368
365153
128674
33319
921887
895947
549275
861605
-14471
633938
24497
103423
371565
245834
361006
337684
109748
492521
766363
956174
37515
587885
611370
63609
936587
40724
890999
138737
823509
989429
120187
810760
636424
924512
566416
42115
400112
663794
705285
-52374
980801
18760
-442
806007
-19392
359715
165475
-46690
309179
619767
752174
944193
261790
-5040
962455
69953
469485
32782
541074
245904
821074
391026
878815
709590
88640
76999
201786
943622
9731
845056
525328
98930
615637
342271
10194
894033
724459
664488
908984
381368
995143
428535
10147
829522
379946
796289
465356
384091
486548
236814
659383
367319
733442
872172
678953
760578
945007
166455
126646
318447
919574
36596
152136
962369
964893
715466
464277
302740
521520
736967
791096
761343
913003
391946
778799
201057
973395
491447
699324
731791
705202
44728
994747
186355
861672
998111
332976
913539
511748
745683
515928
847770
177772
273448
91844
449765
490924
201101
306465
682750
398939
688535
174999
-41790
388941
49055
911362
254729
574585
475530
212037
814254
-92673
129043
159240
-24889
858756
116927
983827
805754
986070
428967
267346
39574
922396
587427
537261
293403
441864
564184
997955
359799
908700
730643
270019
544155
691723
-88505
959430
540795
419797
157610
604291
628950
688326
509870
859904
689003
22584
790062
392822
169708
301559
606304
-39116
838306
916120
694076
3119
-83445
716637
86822
527657
678281
838485
475315
564887
618994
390442
5079
355325
710132
647751
-83647
829830
120124
987791
726320
192008
721545
272242
385541
395312
172030
27859
888401
540930
980723
952922
673590
931181
948141
115889
35100
67850
955690
810614
760395
900802
250465
582933
273226
853003
983090
922418
526344
929843
43738
782840
742939
299737
990607
174579
76965
970234
338350
89735
889407
270087
214119
123137
213730
649054
4255
486276
32120
608325
905366
309710
837299
38397
191111
644138
365730
689497
830509
109368
-60672
767027
445026
92211
60685
15189
751033
901849
909329
579676
909538
190489
967051
966262
666825
815213
922716
204200
190552
512304
-85399
952444
984278
782091
214975
369165
-20963
962644
65464
477269
861996
363288
898720
324287
733039
963805
647459
127716
303894
549617
91213
501718
796782
-71525
766579
711689
237926
-58122
317253
603484
998719
411119
610043
946983
577424
455938
262473
-9953
234944
82309
739222
629794
535250
81327
49969
608760
376283
61798
363887
368247
277216
742251
79847
291956
550274
37753
128903
132017
296492
446699
36646
340509
357460
541058
777477
721401
175523
650683
223325
803395
904889
341491
868136
594932
857622
965022
205012
633907
491545
406276
357258
461828
101505
133495
334616
492672
329724
574292
-27773
345397
188099
472431
592401
160958
195501
-92535
183514
980030
955899
115381
334009
432715
592728
217973
756048
703152
-40526
37036
116904
974857
692509
618170
146742
939749
640202
883895
861668
972760
974766
646148
190125
396772
978625
347570
287323
456374
685414
916112
593867
839389
698047
798052
319444
756741
53968
274143
81865
605480
200447
507808
-87013
534969
583254
236486
16090
947721
397785
308550
575368
137567
720658
204366
690086
885329
292248
142484
796014
772813
785045
615363
709549
948218
8879
621600
116391
461158
760770
-7811
494946
-25286
965293
588889
-41349
227103
786271
-76429
507228
605507
898721
719703
411627
966802
333717
621861
648843
880870
187727
116074
508956
-71316
625989
-93863
824662
335392
835547
797692
279609
141679
504654
945438
202997
678993
665062
574679
463868
-98953
293210
610911
639919
-86149
292282
41504
-15634
866508
414022
367594
677065
596136
264967
347198
468760
-103
959906
348825
253869
503317
137251
917925
665740
55270
-7534
832247
199907
594874
699980
286460
664746
795015
342610
486274
379775
644173
875242
261286
646963
183648
-86978
-68338
-53480
856664
525307
837218
130619
-50260
94026
708379
471263
481804
747029
744773
116158
720559
802732
736963
323996
545742
382365
507028
-77331
-20363
236927
153958
162563
508406
518733
-33957
725761
665864
968155
-66246
190547
791385
624638
737621
488009
187686
18112
-19393
639467
788928
29767
874347
363519
587723
589046
692204
117595
104118
587868
273764
9034
533050
378563
749727
850410
-20482
782120
633869
611640
183854
311415
499153
961724
963366
181337
194931
325327
578658
850561
575502
844212
146860
802273
-85999
-81193
996105
380915
648414
512437
-4936
120456
956011
-98106
235627
-47836
-88063
758244
36988
375590
269325
948499
-31870
-20913
186728
583854
806846
50603
956976
387214
713149
255190
29851
-25746
519576
411884
816936
882886
72183
472377
456536
773804
443001
-5373
652529
770770
695212
762821
452691
355843
948896
13421
41929
136048
-55311
825051
324582
617160
358224
923389
-70998
304337
488491
410780
565933
370594
97445
796314
643111
965307
681314
67997
792055
516094
679133
195256
558961
434822
603363
163513
468292
338108
695931
390610
319224
279092
760284
-95147
918125
161038
687767
464681
311031
459748
-71273
11585
881444
665304
944491
982580
720471
284004
636290
778270
53068
-81406
151972
401584
705446
222359
-26010
333529
820073
343091
212242
298174
451842
111930
483771
806957
654233
960959
630294
-49386
800081
194137
184403
447517
637336
53115
771656
852189
192454
394720
275155
194769
532664
826710
-78404
512599
854273
797529
873876
335659
-14096
219322
480030
613173
-88504
267814
865457
447722
182276
200741
-54944
196928
654440
593344
30349
584598
562795
567855
55755
9040
279026
794636
910185
824018
-1933
187360
847258
887556
883149
438000
326612
34720
45132
508008
157102
517918
813661
810962
-47372
903563
468899
798809
221516
262565
799382
818270
901112
224549
-94980
39519
264566
336250
704049
354176
313494
627590
438976
921394
301305
922877
101531
753234
262939
858694
691150
138367
-61311
555646
451521
866286
-96736
848535
574718
82313
229862
638669
536992
666787
945891
175991
44265
796111
216953
552303
688810
337551
927366
859059
291164
983281
290919
930447
449766
-36310
463768
753768
15744
927159
141039
199808
570317
518559
94544
217454
17086
300503
746239
991275
-11614
813572
414496
715062
-17040
175616
96054
16640
341993
381848
574231
381777
86190
523739
748034
938648
180908
555315
988131
512540
573223
28419
121348
400599
243971
134338
736795
255506
848082
428363
173740
835364
39818
871919
18995
370881
896152
691499
438750
-57305
60127
424161
305816
871246
18864
-87475
756295
575590
-2733
23196
-67431
759649
54231
385711
441635
334089
876247
419988
762585
479595
102124
835084
395321
143457
35256
801941
518999
158793
856068
660515
118123
82582
385649
60904
118867
26051
611715
-10507
938768
996928
792638
-78864
411916
603573
478063
-45284
846884
481794
185739
784208
77421
850375
278871
443930
477246
668169
803734
623543
922476
10081
473325
609784
598156
-31409
892895
947555
368193
987875
297524
51306
633847
302257
995561
582262
900232
659532
421417
-38565
880358
898351
628
-85621
-92474
859441
660722
855977
682194
669702
770795
874763
248319
819987
369831
847893
594777
798163
-10775
307913
943165
45098
-89881
126537
368887
23260
336514
734546
968877
-84757
-962
425318
756626
374836
431154
640336
473706
27678
365061
43696
186804
-64748
334519
641981
400979
-89884
61195
990957
950097
693575
867870
83645
427480
571103
266931
597776
504830
675142
244378
521937
822368
151264
632954
77470
854104
899991
947434
911091
957315
-83041
55613
236465
241002
562821
361010
690086
489352
241680
366474
144111
311918
725282
931010
117013
442021
812854
672429
811262
931979
148483
371904
-56687
-85287
568806
754499
647076
799542
107911
512111
668175
507976
632643
401835
11837
379430
273592
414685
98816
425107
937680
149888
451712
787125
38309
865487
827612
969903
36832
786457
973502
183984
290730
18473
439961
872179
6114
748907
663517
846435
278334
879468
997466
324565
377699
345996
947530
242059
219158
885635
124619
223546
318773
765690
208437
155585
-47573
223163
770650
528103
453599
394448
868280
316494
432679
528545
87227
625331
352916
190893
771765
929135
704203
-74877
652368
124034
935867
390154
242743
491374
458559
-39300
607
898347
456470
475109
-14694
-87228
28923
826193
629843
-66682
306567
87536
682124
935034
302244
825030
940360
228075
27562
490193
290465
449642
590316
-78659
269816
605782
814085
302114
162124
365034
770783
694729
498003
928480
728299
707032
251956
548831
-1082
518490
866805
323636
698931
8946
545316
197689
445726
259825
522279
160802
243554
727847
662979
207292
605201
641164
156949
830893
153593
171158
298110
-83148
945882
27788
579945
32169
210492
23590
147748
832104
21941
-2312
874815
1005
369921
937249
-44536
32454
969406
560078
767803
800517
789719
772457
-42074
686990
-50611
529924
271174
611810
116441
-88418
841457
503275
437205
839131
680856
859761
894702
850398
-46166
132644
95295
-79386
176783
328350
689549
548916
-65885
774707
703210
376089
328679
931136
26634
768103
458188
712785
721640
637968
923645
153805
424504
800466
482981
240662
731468
301280
256385
189255
24747
826773
846338
513426
734705
245057
860262
665879
-32826
772909
405981
674778
231299
82744
696328
493683
349894
354572
476666
255393
571278
83746
144757
226116
383052
-60267
794216
541614
76165
870093
423309
-81038
215046
194424
-74883
2685
800740
551136
-7022
797331
825684
45528
503219
551001
289033
705427
-60204
621709
557970
869523
847144
755907
353809
16097
110016
420183
764507
220337
392358
-26212
659988
198099
374159
866299
268595
905690
338553
-38724
336395
-65557
892077
48968
4976
669638
174463
410211
964902
8612
981722
969015
881280
886051
830464
-63295
216938
361757
63019
-52712
771193
807218
981145
576236
-205
-77012
941051
297897
910355
756808
438080
844257
315646
744646
501484
688555
63515
916549
184690
649691
105135
921085
863697
362881
859803
254398
861089
125538
871793
836526
943075
82052
455105
396804
572840
875478
949335
250886
266109
176532
654830
981910
933324
-76244
838673
954041
566526
325138
199280
-1071
422757
980898
423673
370818
62106
577411
864537
47881
999256
-2362
12305
924772
766590
36388
924397
280667
1968
867922
-39127
371598
649245
831649
830325
655333
792829
527275
933208
362852
756549
710608
-43560
870683
416625
422253
276039
819661
809149
208132
218199
730019
934940
772925
310791
983058
209310
-59870
147733
-38090
634603
430641
114890
992866
-44434
711164
-19578
985796
800610
792317
629049
-23905
260139
-32906
489532
683866
619512
152364
-91778
230467
488236
615635
955186
394243
108807
122605
953351
347632
955248
558649
468551
809930
170064
789030
989334
393646
762986
3477
709595
294452
-26858
940976
199251
690357
286291
527364
47429
-41832
902209
875371
863693
978559
911813
360540
339069
489958
584138
689218
254576
650696
632701
297580
19913
273021
620689
840755
512157
799449
844805
338392
36036
265481
463769
473370
714800
559493
516512
164615
-27573
460784
427781
13398
740923
258633
892123
536043
987042
155011
702762
61882
148313
771042
112943
576061
436479
-24734
270722
889639
231522
144427
358702
540975
615633
336735
929915
271893
215928
174473
403431
59148
835703
311138
758390
406597
560325
507406
668807
880652
781527
-78061
146369
979636
554476
318974
348793
568035
271694
54749
761370
90339
135751
338371
298518
502406
82988
650808
491000
19519
263639
832276
414319
318202
326725
860274
724632
533652
334097
712710
118318
120459
719994
701177
169302
165703
-37548
431788
435427
814464
847421
677470
273220
161210
725591
896526
688394
144998
668867
-46302
648197
263106
673097
132234
-97069
722189
320316
336516
537361
870682
13005
732586
825166
43573
470921
665975
271259
375854
888562
735651
969865
295929
420974
547302
899301
-11261
931171
956285
736880
518116
-42531
652023
97966
614950
709329
537245
-8050
358744
566255
76714
364636
606157
107130
199999
409025
275990
327967
792967
-3976
153654
379700
691616
699113
617589
846126
324253
739944
79683
212959
198209
978867
939335
279150
89592
136610
361822
843096
767251
460085
791595
-91171
673754
174705
529633
521748
142073
765001
341398
991309
-44491
-60829
723227
-67258
235395
861685
723904
17892
622734
135715
491547
545297
256033
896455
110844
870278
553376
930092
499493
241383
6422
226116
507126
450230
608469
844036
546908
45033
591182
524580
341853
709593
441281
307942
898347
-97898
33503
962536
891545
186718
66723
856043
686364
130529
857419
11944
198943
96713
590658
298646
92238
118176
155418
-48642
258461
189890
692508
945757
502743
841463
16875
248235
887067
750113
-95004
656014
428512
891752
715924
83148
737855
479975
-49979
288906
28362
196120
179054
391296
160013
956819
737683
411678
615820
680639
803441
691347
166994
364064
200066
637166
718140
617113
122024
929801
841207
783636
-31829
826920
682563
549701
14101
195424
366374
220953
100111
900454
622466
-70295
681583
370790
132950
810515
976913
222794
458537
340164
972039
941107
770373
957460
205976
931766
208060
943227
957416
19498
967589
592204
691883
368319
-73958
491179
740274
149116
649788
676771
858076
552395
277922
639069
445385
-66398
157698
-95618
497384
701870
776296
590838
639626
540072
120569
750259
-32896
-17776
848831
210071
257855
57073
350078
500233
358978
366768
83998
265475
30852
116808
39222
648988
931979
818803
311566
848552
305120
813611
251908
962766
718477
530024
61968
442773
736571
254916
305197
151216
13785
605163
379902
135726
424426
198094
912516
632166
828040
701344
915390
676361
289632
-53432
183470
622704
864047
431463
767237
986421
439554
6268
464457
401012
786647
606486
119221
231964
791555
45
678774
192860
779486
277214
14512
271146
472603
223671
619611
428924
-93123
763360
717313
949316
834863
287535
801647
701315
738736
132686
764377
224502
430865
340564
474305
702718
831204
446428
92450
943415
502188
419854
420728
997568
73979
392291
988836
324856
394441
747408
145837
715300
22322
650071
724382
434760
892518
522840
555817
286426
647815
530982
-85888
-29556
401089
352792
-86238
8760
-62749
49204
581720
62814
716219
134229
774220
194550
920631
744910
846941
949103
-72137
457451
678543
948440
639129
204906
-8644
350411
679526
523552
42713
434946
423429
164046
926776
-20368
511581
322687
399199
769227
553709
354338
13809
558196
183624
816533
578367
887705
663656
111202
21279
417318
813420
258615
-43450
879037
983164
257490
616449
228269
808158
317946
241796
495774
69079
543649
400931
222394
141754
737192
786805
77439
212215
489767
7908
-90869
497026
123250
355910
610664
901086
978833
321602
741824
33626
565486
977749
421896
549747
181088
628835
980955
535071
120563
930984
29573
103720
651988
970940
503603
-94819
333801
918376
32680
-60334
964707
965105
987538
351101
282153
172356
814559
458263
414067
372790
18911
777446
473433
388751
924340
397037
49479
309453
119353
104654
596739
98177
131250
76592
134665
463250
369383
267835
616116
180452
456013
135942
569409
424666
884299
180969
-28283
323328
392406
952383
853986
-5521
-28830
366265
927703
729945
876436
405865
83052
564025
810445
-59766
906591
55669
785423
237029
102813
659890
376797
332451
-8367
283646
146386
231194
889936
-11621
435027
957496
-11850
-38567
5273
101446
723971
693738
974854
70286
-31057
310257
756887
556162
53005
318144
456901
375931
954186
133011
861719
923900
282625
779764
373346
631212
871931
576006
-98672
653665
912605
561361
864190
614447
939768
316485
7599
605828
