978266
903297
486257
833529
483556
457472
-95854
844110
-77717
346783
471229
547453
189361
123773
795475
444845
-17925
115571
611175
782698
825843
985655
128222
-84283
718913
429538
998340
228651
950427
20316
715020
460164
2594
498142
569169
131974
829615
98572
382260
473911
71224
886821
207354
594414
37362
-92321
780159
802824
298033
633826
341270
151033
207376
965266
369871
26194
-75935
205015
333216
235149
480958
897352
-76634
363018
672703
725821
989822
449261
-61537
121108
492487
821384
191314
316351
600596
307450
56993
79526
766507
679399
747186
394891
-50118
646647
439216
306249
148901
919834
51191
651203
888025
763075
727595
536765
538771
724721
676822
401108
640096
732247
