77
1590
961
644
1274
1259
1010
1953
1623
1670
1542
1149
676
633
335
1179
508
1317
203
593
1692
545
1068
1044
1918
766
1488
1590
836
1433
1721
489
256
1332
25
1430
1225
1991
835
1890
1487
434
1418
885
1695
1266
1552
770
1058
836
1562
222
223
1271
734
1046
405
1955
488
71
37
1033
1623
1353
993
643
1481
1682
881
371
736
1809
850
857
1107
82
1005
1887
1649
1157
1744
1904
1354
1554
22
1960
1954
1134
1212
486
1938
1937
1321
17
397
1770
1255
179
892
885
1908
1871
548
1803
1681
831
95
1333
377
549
1400
1637
166
982
1749
849
694
338
1955
402
1689
1989
1674
176
832
613
727
1301
863
1316
166
1038
212
1215
1299
1410
899
157
1640
744
744
175
262
1503
961
217
1297
607
563
1113
706
1327
1748
851
1879
1118
707
1694
211
355
1667
1260
1064
538
1828
393
1882
1331
1711
318
1655
1966
301
1362
1191
375
985
478
422
1742
1825
1723
1317
1905
1354
1298
1762
873
243
573
778
1512
971
545
848
858
336
1452
519
1229
418
1603
300
1174
328
147
534
130
487
581
688
1369
1294
578
1083
1870
251
1697
1526
584
540
467
869
860
787
1537
81
1479
1555
1625
792
1046
1688
470
326
1426
986
987
1488
639
1646
1040
1688
1752
1858
1605
748
124
1902
1718
1584
1347
813
1087
1649
822
1984
1861
1392
1686
1781
1234
651
1486
1306
412
1287
740
1534
901
352
1237
567
1743
1434
1785
257
384
1594
79
155
768
801
1401
1514
1314
536
798
95
1421
1893
600
1689
1107
226
1844
1098
247
1569
1330
1794
1629
790
420
938
1434
1807
1166
1467
937
1145
588
1384
1272
1937
759
1008
760
1044
755
223
907
1624
1739
1006
1432
853
1761
1153
1961
1672
1256
1596
1438
135
200
1587
970
1087
1959
92
345
1815
475
134
1418
4
1790
1435
43
629
1543
1637
641
484
105
1116
171
568
970
467
642
877
192
1872
1878
1421
1356
1682
915
1411
736
1149
1139
1858
83
1377
1503
568
1529
1999
1224
1853
1529
766
388
838
527
483
109
231
795
946
496
1220
667
1317
524
638
1938
1253
728
907
1614
1688
513
1267
124
1605
1474
1739
292
1378
986
205
460
943
645
1058
1600
462
367
753
499
1864
1536
713
364
1086
679
605
354
543
1334
289
1848
289
926
580
1068
331
1982
1178
1713
1982
532
257
1423
1933
1520
748
1557
1320
251
1179
994
204
646
480
1130
435
953
73
1731
13
757
1840
1720
1420
1046
1132
1492
528
1740
1018
473
1200
857
1360
373
1119
223
1844
1605
834
1716
1198
1321
573
564
889
712
1204
1164
1745
935
939
65
1052
1535
1076
926
503
1220
1054
869
1372
257
1717
1637
385
246
602
108
276
83
1178
1112
982
1080
117
1564
631
1391
1329
1259
8
1479
1610
342
586
662
396
308
883
1908
1644
983
276
1922
1527
549
871
987
1854
94
640
1304
1944
1480
687
1426
1639
542
1148
1444
553
1349
1997
670
813
1223
1523
430
1690
420
759
1444
1599
1882
1283
1772
1221
362
1997
785
1032
988
1064
174
430
970
996
1543
1639
1172
1686
1332
1719
1050
1631
675
184
1435
848
43
1384
399
1882
1699
1403
189
46
1264
152
545
1114
1079
1263
1571
474
731
1607
1363
1078
1948
287
1050
165
1024
45
1594
1565
1673
459
627
653
652
1771
1542
677
1555
1212
962
1058
100
1267
1917
450
44
527
324
1798
1066
993
1130
256
1164
1783
1723
94
394
642
165
1337
908
723
1189
1643
1415
729
1507
1159
88
758
1592
1679
1005
476
15
1991
967
1619
1731
426
1856
721
1695
1682
1145
379
65
441
1792
1503
1569
444
1588
572
663
1297
30
1681
1795
461
1082
1592
1885
779
1304
409
298
1724
1446
85
559
1678
278
438
1021
31
1852
1360
340
1038
1100
1528
223
1944
1337
215
1112
1863
1650
1871
158
1917
1746
614
1925
1967
137
1461
1611
146
767
131
1039
108
1221
661
1703
1165
994
1901
1870
1852
793
992
1061
962
364
330
1916
978
861
1439
753
612
713
1936
510
1055
905
157
1393
1784
1680
807
740
1060
1850
592
1953
1536
1462
600
1507
1116
833
321
778
481
1285
356
504
754
788
776
654
780
1625
153
925
1200
713
755
1064
743
55
1110
707
1096
889
1323
1628
1998
530
1845
1997
1586
1838
509
5
67
339
381
1867
1252
923
588
259
962
198
1827
522
1621
410
1963
1101
1141
132
1775
1506
1426
1413
789
1602
1522
364
234
1205
482
568
293
752
566
521
1161
650
198
1938
1172
616
1214
1451
1700
1429
874
740
187
846
1939
952
970
1449
1004
798
311
832
308
1628
1879
809
1002
1206
1671
861
320
112
467
363
1681
961
449
975
625
1018
1204
538
1468
1961
1659
1965
25
292
1495
1247
318
767
1433
1835
321
299
237
492
1204
606
1941
1182
562
1558
1391
1561
1647
428
1027
379
1252
741
1215
535
1253
771
205
1085
541
715
1918
180
216
963
581
1547
542
1937
551
1413
340
802
295
1490
769
1784
1190
71
734
1784
599
1293
119
7
69
1481
532
153
178
820
1758
1469
799
767
1314
1346
1729
94
1475
1522
1237
1927
1833
5
1829
1931
1979
747
1817
227
803
1079
1916
510
972
347
1339
608
1740
164
416
954
1181
444
1231
239
390
1288
422
1283
1654
798
134
106
919
1698
1884
564
1074
1827
1678
262
1372
1651
1986
961
407
326
86
539
1634
1430
1968
8
1697
768
559
1736
206
1950
1018
916
1004
1553
436
937
1278
1003
1123
1010
61
1479
1631
1631
1913
1141
693
1788
156
1001
791
105
1701
1493
1408
621
1864
1253
757
1148
708
1592
779
815
695
1648
1925
381
1388
1795
300
1043
380
670
1972
1245
1951
262
1902
9
1499
997
625
517
1929
877
524
1027
1482
318
1576
810
862
8
914
859
1019
83
909
1141
856
1025
1898
1472
1232
995
1058
1035
1346
1694
851
25
1070
1793
1767
606
1162
213
1160
1246
1337
1505
1892
1836
932
1667
431
538
969
1510
290
1305
1546
1815
941
847
1105
1230
1235
1588
432
1539
812
1868
266
901
1958
734
1423
1320
383
995
10
1783
1768
738
431
1639
1509
328
808
724
401
1245
1549
917
701
413
1134
795
1721
1134
216
390
623
364
474
1529
1499
83
218
1673
1651
149
1697
304
756
1839
901
637
1460
229
1349
196
1527
807
695
1401
1218
1116
1328
1055
596
1632
1028
1570
679
753
267
1561
348
1389
1906
1527
178
73
616
425
1113
870
277
1753
1318
1771
1574
1027
1372
1070
1247
229
1213
273
695
887
439
513
1194
681
595
431
874
1173
738
722
655
1241
1959
799
90
1673
1654
1399
368
848
196
1017
611
885
1882
1528
36
419
196
206
1127
1219
376
988
386
34
533
133
1966
1854
99
1497
1174
454
445
730
646
1115
812
1010
1717
950
185
1565
1868
349
92
541
187
1263
288
223
839
1778
862
337
44
1775
1044
1176
1052
910
1053
149
920
984
252
67
1262
280
294
1518
796
921
1442
981
700
1909
1555
958
1050
1919
346
1929
494
1202
48
624
924
684
278
368
1154
1092
543
199
1543
1452
855
723
833
716
699
1590
197
1117
1584
348
1912
702
1257
727
1913
1302
728
1204
1344
1342
1186
1922
1338
1132
1505
196
591
1081
46
909
1794
224
665
440
580
1928
156
662
1378
677
922
1372
1952
1270
1271
652
1903
1561
875
494
1584
821
1597
1511
1922
1688
434
980
308
1350
1629
1362
1095
1245
206
1473
1200
894
220
810
1285
367
526
1944
580
449
278
1289
1954
218
610
4
1643
976
1740
1703
1516
952
1055
33
84
1339
1768
805
1474
787
814
1997
980
287
256
126
137
1535
1159
1346
1008
796
1679
1602
1874
82
59
1155
571
974
799
748
1108
981
1620
1478
1686
1951
1200
1496
276
280
1358
1653
320
64
1028
1724
956
376
771
1876
152
330
1071
1104
1971
483
1407
1885
1154
138
1698
238
1459
1528
540
1025
73
1232
1987
277
1529
988
652
383
14
674
1560
155
570
1552
1763
892
1741
1511
1636
366
522
1986
61
858
1074
1337
352
1962
1221
188
618
921
514
972
771
1937
1296
1258
1446
1142
1482
649
923
177
168
1738
25
1990
1381
1593
69
423
3
20
1258
434
824
595
1821
382
1959
1167
1212
237
185
1531
1074
991
114
1682
1110
170
105
1459
1467
1261
1263
1220
1258
1830
215
1327
1168
422
907
65
1304
183
1711
1178
1858
68
943
93
1348
1298
1928
1682
558
448
799
1606
1900
761
1001
1623
726
342
469
1294
415
533
1532
1662
234
1962
310
1328
1341
1591
616
975
1749
1456
1861
391
532
498
772
671
613
1084
206
1720
1297
866
1734
550
911
1780
2
601
1605
1205
1305
1925
8
1706
456
1790
593
1393
1592
201
1652
361
1280
1349
1969
931
1767
603
1991
1939
1783
1002
1629
1184
480
869
637
1559
277
1623
926
11
383
1102
1204
1122
12
1028
223
62
436
1193
1203
1693
1709
60
1373
1938
1254
226
598
1238
927
1026
756
1890
1096
1599
1640
1122
87
397
277
1211
1732
1890
1623
299
1899
139
1139
1515
1090
1721
279
1929
1327
427
921
953
724
1560
560
1796
1006
983
535
1333
1317
1933
1343
1964
1399
1148
1783
343
1534
1990
486
81
1301
1314
898
1474
737
884
1413
698
1673
1080
1556
667
247
1107
787
522
1958
1433
1278
1383
1612
1485
1500
1169
960
259
1183
1456
591
502
1061
184
1363
1303
37
1776
1926
240
495
1330
1438
1265
1565
582
1611
217
698
498
1927
1802
460
487
449
1746
1483
742
1786
463
1585
1372
1919
655
1732
609
274
172
401
252
142
1176
178
1948
691
1608
1505
1928
550
113
1571
357
710
634
1774
1603
124
1532
1442
1825
1218
1700
1443
1449
1481
1384
1429
1211
1174
138
1369
1590
1076
1579
1237
144
624
355
214
247
1907
1730
1348
1044
1460
1313
1564
1750
1480
577
1187
882
680
508
633
1556
832
1096
1865
672
347
1007
939
1706
145
1312
675
465
811
1960
844
99
940
269
1724
189
1706
70
941
1525
1246
1975
1718
277
549
1959
172
675
814
35
1944
1124
1686
787
1630
830
1098
99
1320
234
1571
1332
1493
206
52
266
1158
442
459
1874
1349
836
262
1871
686
18
1009
1874
1155
1993
769
1742
1162
277
448
1456
1423
1042
1171
1449
1667
488
1930
1347
124
1093
1087
704
1946
171
1283
1096
1260
1211
1081
320
615
1936
53
67
1468
770
1023
1723
1571
1703
1007
118
163
703
453
295
1104
1174
1242
103
1744
1085
748
126
897
1772
538
1789
985
1395
1638
378
1403
1989
1841
1307
1551
43
1197
1404
1995
282
1203
844
69
1786
770
1135


